 MeshVersionFormatted 2
 Dimension
 3
 Vertices
 351
                    0                         0           3.1415926535898      1
                    0                         0                         0      2
                    0           3.1415926535898           3.1415926535898      3
                    0           3.1415926535898                         0      4
      3.1415926535898                         0           3.1415926535898      5
      3.1415926535898                         0                         0      6
      3.1415926535898           3.1415926535898           3.1415926535898      7
      3.1415926535898           3.1415926535898                         0      8
                    0                         0           0.5235987755983      1
                    0                         0           1.0471975511966      1
                    0                         0           1.5707963267949      1
                    0                         0           2.0943951023932      1
                    0                         0           2.6179938779915      1
                    0           0.5235987755983           3.1415926535898      2
                    0           1.0471975511966           3.1415926535898      2
                    0           1.5707963267949           3.1415926535898      2
                    0           2.0943951023932           3.1415926535898      2
                    0           2.6179938779915           3.1415926535898      2
                    0           3.1415926535898           0.5235987755983      3
                    0           3.1415926535898           1.0471975511966      3
                    0           3.1415926535898           1.5707963267949      3
                    0           3.1415926535898           2.0943951023932      3
                    0           3.1415926535898           2.6179938779915      3
                    0           0.5235987755983                         0      4
                    0           1.0471975511966                         0      4
                    0           1.5707963267949                         0      4
                    0           2.0943951023932                         0      4
                    0           2.6179938779915                         0      4
      3.1415926535898                         0           0.5235987755983      5
      3.1415926535898                         0           1.0471975511966      5
      3.1415926535898                         0           1.5707963267949      5
      3.1415926535898                         0           2.0943951023932      5
      3.1415926535898                         0           2.6179938779915      5
      3.1415926535898           0.5235987755983           3.1415926535898      6
      3.1415926535898           1.0471975511966           3.1415926535898      6
      3.1415926535898           1.5707963267949           3.1415926535898      6
      3.1415926535898           2.0943951023932           3.1415926535898      6
      3.1415926535898           2.6179938779915           3.1415926535898      6
      3.1415926535898           3.1415926535898           0.5235987755983      7
      3.1415926535898           3.1415926535898           1.0471975511966      7
      3.1415926535898           3.1415926535898           1.5707963267949      7
      3.1415926535898           3.1415926535898           2.0943951023932      7
      3.1415926535898           3.1415926535898           2.6179938779915      7
      3.1415926535898           0.5235987755983                         0      8
      3.1415926535898           1.0471975511966                         0      8
      3.1415926535898           1.5707963267949                         0      8
      3.1415926535898           2.0943951023932                         0      8
      3.1415926535898           2.6179938779915                         0      8
      0.5235987755983                         0                         0      9
      1.0471975511966                         0                         0      9
      1.5707963267949                         0                         0      9
      2.0943951023932                         0                         0      9
      2.6179938779915                         0                         0      9
      0.5235987755983                         0           3.1415926535898      10
      1.0471975511966                         0           3.1415926535898      10
      1.5707963267949                         0           3.1415926535898      10
      2.0943951023932                         0           3.1415926535898      10
      2.6179938779915                         0           3.1415926535898      10
      0.5235987755983           3.1415926535898                         0      11
      1.0471975511966           3.1415926535898                         0      11
      1.5707963267949           3.1415926535898                         0      11
      2.0943951023932           3.1415926535898                         0      11
      2.6179938779915           3.1415926535898                         0      11
      0.5235987755983           3.1415926535898           3.1415926535898      12
      1.0471975511966           3.1415926535898           3.1415926535898      12
      1.5707963267949           3.1415926535898           3.1415926535898      12
      2.0943951023932           3.1415926535898           3.1415926535898      12
      2.6179938779915           3.1415926535898           3.1415926535898      12
                    0          0.46929955360016           1.2635874923784      1
                    0           2.6722930999896           1.2635874923784      1
                    0            1.314722103618           2.6677065000141      1
                    0           1.3089969389957          0.45344984105855      1
                    0           2.3173197149439           2.6662442691661      1
                    0          0.43617237422899           2.3634004398087      1
                    0           2.3539758088251           0.4433688060021      1
                    0          0.78761684476468           0.4433688060021      1
                    0          0.96583664749958          0.95024157489996      1
                    0           1.5572361761787          0.91412333091425      1
                    0           1.3089969389957           1.3603495231757      1
                    0           1.8151479996514           1.3703220814593      1
                    0           1.5678883743045           1.8062160200925      1
                    0           2.0737321171367           1.8181463858247      1
                    0           1.0471975511966           1.8137993642342      1
                    0           1.8224378729046           2.2863814811894      1
                    0            2.610113621818           1.8157055427148      1
                    0           1.8299659092635          0.45297361001534      1
                    0          0.52841208783341           1.8192293413717      1
                    0           2.1709506245346          0.95263014290533      1
                    0          0.43556612582904          0.78069926187666      1
                    0          0.77634062353588           2.7113536069072      1
                    0           2.7054544585279          0.78098361521064      1
                    0           2.7040367928165           2.3387203109439      1
                    0           1.3243873470789           2.1579537610884      1
                    0           1.8239342241309           2.7807035115098      1
                    0           2.3055280239239           2.1850395979678      1
                    0          0.90453868124862           2.2555738355707      1
                    0           0.8765243024372           1.4129612240805      1
                    0           2.2684474926261           1.4440783290565      1
                    0          0.38330090651881          0.38330090651881      1
                    0            2.758291747071            2.758291747071      1
                    0            2.758291747071          0.38330090651881      1
                    0          0.38330090651881            2.758291747071      1
      3.1415926535898           1.3089969389957          0.45344984105855      2
      3.1415926535898            1.314722103618           2.6677065000141      2
      3.1415926535898           2.6722930999896           1.2635874923784      2
      3.1415926535898          0.46929955360016           1.2635874923784      2
      3.1415926535898           2.3173197149439           2.6662442691661      2
      3.1415926535898           2.3539758088251           0.4433688060021      2
      3.1415926535898          0.43617237422899           2.3634004398087      2
      3.1415926535898          0.78761684476468           0.4433688060021      2
      3.1415926535898          0.96583664749958          0.95024157489996      2
      3.1415926535898           1.5572361761787          0.91412333091425      2
      3.1415926535898           1.3089969389957           1.3603495231757      2
      3.1415926535898           1.8151479996514           1.3703220814593      2
      3.1415926535898           1.5678883743045           1.8062160200925      2
      3.1415926535898           2.0737321171367           1.8181463858247      2
      3.1415926535898           1.0471975511966           1.8137993642342      2
      3.1415926535898           1.8224378729046           2.2863814811894      2
      3.1415926535898           1.8299659092635          0.45297361001534      2
      3.1415926535898           2.1709506245346          0.95263014290533      2
      3.1415926535898          0.52841208783341           1.8192293413717      2
      3.1415926535898            2.610113621818           1.8157055427148      2
      3.1415926535898          0.43556612582904          0.78069926187666      2
      3.1415926535898           2.7054544585279          0.78098361521064      2
      3.1415926535898          0.77634062353588           2.7113536069072      2
      3.1415926535898           2.7040367928165           2.3387203109439      2
      3.1415926535898           1.8239342241309           2.7807035115098      2
      3.1415926535898           1.3243873470789           2.1579537610884      2
      3.1415926535898           2.3055280239239           2.1850395979678      2
      3.1415926535898          0.90453868124862           2.2555738355707      2
      3.1415926535898           0.8765243024372           1.4129612240805      2
      3.1415926535898           2.2684474926261           1.4440783290565      2
      3.1415926535898          0.38330090651881          0.38330090651881      2
      3.1415926535898            2.758291747071            2.758291747071      2
      3.1415926535898            2.758291747071          0.38330090651881      2
      3.1415926535898          0.38330090651881            2.758291747071      2
     0.45344984105855                         0           1.3089969389957      3
      2.6677065000141                         0            1.314722103618      3
      1.2635874923784                         0           2.6722930999896      3
      1.2635874923784                         0          0.46929955360016      3
      2.6662442691661                         0           2.3173197149439      3
      0.4433688060021                         0           2.3539758088251      3
      2.3634004398087                         0          0.43617237422899      3
      0.4433688060021                         0          0.78761684476468      3
     0.95024157489996                         0          0.96583664749958      3
     0.91412333091425                         0           1.5572361761787      3
      1.3603495231757                         0           1.3089969389957      3
      1.3703220814593                         0           1.8151479996514      3
      1.8062160200925                         0           1.5678883743045      3
      1.8181463858247                         0           2.0737321171367      3
      1.8137993642342                         0           1.0471975511966      3
      2.2863814811894                         0           1.8224378729046      3
     0.45297361001534                         0           1.8299659092635      3
     0.95263014290533                         0           2.1709506245346      3
      1.8192293413717                         0          0.52841208783341      3
      1.8157055427148                         0            2.610113621818      3
     0.78069926187666                         0          0.43556612582904      3
     0.78098361521064                         0           2.7054544585279      3
      2.7113536069072                         0          0.77634062353588      3
      2.3387203109439                         0           2.7040367928165      3
      2.7807035115098                         0           1.8239342241309      3
      2.1579537610884                         0           1.3243873470789      3
      2.1850395979678                         0           2.3055280239239      3
      2.2555738355707                         0          0.90453868124862      3
      1.4129612240805                         0           0.8765243024372      3
      1.4440783290565                         0           2.2684474926261      3
     0.38330090651881                         0          0.38330090651881      3
       2.758291747071                         0            2.758291747071      3
     0.38330090651881                         0            2.758291747071      3
       2.758291747071                         0          0.38330090651881      3
     0.45344984105855           3.1415926535898           1.3089969389957      4
      2.6677065000141           3.1415926535898            1.314722103618      4
      1.2635874923784           3.1415926535898           2.6722930999896      4
      1.2635874923784           3.1415926535898          0.46929955360016      4
      2.6662442691661           3.1415926535898           2.3173197149439      4
      0.4433688060021           3.1415926535898           2.3539758088251      4
      2.3634004398087           3.1415926535898          0.43617237422899      4
      0.4433688060021           3.1415926535898          0.78761684476468      4
     0.95024157489996           3.1415926535898          0.96583664749958      4
     0.91412333091425           3.1415926535898           1.5572361761787      4
      1.3603495231757           3.1415926535898           1.3089969389957      4
      1.3703220814593           3.1415926535898           1.8151479996514      4
      1.8062160200925           3.1415926535898           1.5678883743045      4
      1.8181463858247           3.1415926535898           2.0737321171367      4
      1.8137993642342           3.1415926535898           1.0471975511966      4
      2.2863814811894           3.1415926535898           1.8224378729046      4
     0.45297361001534           3.1415926535898           1.8299659092635      4
     0.95263014290533           3.1415926535898           2.1709506245346      4
      1.8192293413717           3.1415926535898          0.52841208783341      4
      1.8157055427148           3.1415926535898            2.610113621818      4
     0.78069926187666           3.1415926535898          0.43556612582904      4
     0.78098361521064           3.1415926535898           2.7054544585279      4
      2.7113536069072           3.1415926535898          0.77634062353588      4
      2.3387203109439           3.1415926535898           2.7040367928165      4
      2.7807035115098           3.1415926535898           1.8239342241309      4
      2.1579537610884           3.1415926535898           1.3243873470789      4
      2.1850395979678           3.1415926535898           2.3055280239239      4
      2.2555738355707           3.1415926535898          0.90453868124862      4
      1.4129612240805           3.1415926535898           0.8765243024372      4
      1.4440783290565           3.1415926535898           2.2684474926261      4
     0.38330090651881           3.1415926535898          0.38330090651881      4
       2.758291747071           3.1415926535898            2.758291747071      4
     0.38330090651881           3.1415926535898            2.758291747071      4
       2.758291747071           3.1415926535898          0.38330090651881      4
      1.3089969389957          0.45344984105855                         0      5
       1.314722103618           2.6677065000141                         0      5
      2.6722930999896           1.2635874923784                         0      5
     0.46929955360016           1.2635874923784                         0      5
      2.7154976242322           2.3691383876504                         0      5
      2.3539758088251           0.4433688060021                         0      5
     0.43617237422899           2.3634004398087                         0      5
     0.78761684476468           0.4433688060021                         0      5
     0.96583664749958          0.95024157489996                         0      5
      1.5572361761787          0.91412333091425                         0      5
      1.3089969389957           1.3603495231757                         0      5
      1.8151479996514           1.3703220814593                         0      5
      1.5678883743045           1.8062160200925                         0      5
      1.0471975511966           1.8137993642342                         0      5
      2.0731667105078           1.8178199481553                         0      5
      1.7578281628403           2.2507271455002                         0      5
      1.8299659092635          0.45297361001534                         0      5
      2.1709506245346          0.95263014290533                         0      5
     0.52841208783341           1.8192293413717                         0      5
      2.6113383005535           1.8208962749808                         0      5
     0.43556612582904          0.78069926187666                         0      5
      2.7054544585279          0.78098361521064                         0      5
     0.77634062353588           2.7113536069072                         0      5
      2.3819328337971           2.7290787077778                         0      5
      1.8661209911835           2.7169641167785                         0      5
      1.3114654050661           2.1508228939506                         0      5
      2.2518698133841           2.2515186339201                         0      5
     0.90238502424648           2.2543853577144                         0      5
      0.8765243024372           1.4129612240805                         0      5
      2.2685793470474           1.4450511879758                         0      5
     0.38330090651881          0.38330090651881                         0      5
       2.758291747071          0.38330090651881                         0      5
     0.38330090651881            2.758291747071                         0      5
      2.7609576727589           2.7609576727589                         0      5
      1.3089969389957          0.45344984105855           3.1415926535898      6
       1.314722103618           2.6677065000141           3.1415926535898      6
      2.6722930999896           1.2635874923784           3.1415926535898      6
     0.46929955360016           1.2635874923784           3.1415926535898      6
      2.7154976242322           2.3691383876504           3.1415926535898      6
      2.3539758088251           0.4433688060021           3.1415926535898      6
     0.43617237422899           2.3634004398087           3.1415926535898      6
     0.78761684476468           0.4433688060021           3.1415926535898      6
     0.96583664749958          0.95024157489996           3.1415926535898      6
      1.5572361761787          0.91412333091425           3.1415926535898      6
      1.3089969389957           1.3603495231757           3.1415926535898      6
      1.8151479996514           1.3703220814593           3.1415926535898      6
      1.5678883743045           1.8062160200925           3.1415926535898      6
      1.0471975511966           1.8137993642342           3.1415926535898      6
      2.0731667105078           1.8178199481553           3.1415926535898      6
      1.7578281628403           2.2507271455002           3.1415926535898      6
      1.8299659092635          0.45297361001534           3.1415926535898      6
      2.1709506245346          0.95263014290533           3.1415926535898      6
     0.52841208783341           1.8192293413717           3.1415926535898      6
      2.6113383005535           1.8208962749808           3.1415926535898      6
     0.43556612582904          0.78069926187666           3.1415926535898      6
      2.7054544585279          0.78098361521064           3.1415926535898      6
     0.77634062353588           2.7113536069072           3.1415926535898      6
      2.3819328337971           2.7290787077778           3.1415926535898      6
      1.8661209911835           2.7169641167785           3.1415926535898      6
      1.3114654050661           2.1508228939506           3.1415926535898      6
      2.2518698133841           2.2515186339201           3.1415926535898      6
     0.90238502424648           2.2543853577144           3.1415926535898      6
      0.8765243024372           1.4129612240805           3.1415926535898      6
      2.2685793470474           1.4450511879758           3.1415926535898      6
     0.38330090651881          0.38330090651881           3.1415926535898      6
       2.758291747071          0.38330090651881           3.1415926535898      6
     0.38330090651881            2.758291747071           3.1415926535898      6
      2.7609576727589           2.7609576727589           3.1415926535898      6
      1.5707963267949           1.5707963267949           1.5707963267949      1
      2.1508131130806           2.1511683474044           2.1483481555463      1
      2.1504281996651          0.98695766927452            2.141258560704      1
     0.98696730989768           2.1412482002607           2.1504652462273      1
     0.95412421881624           1.1766903108418           2.2020727172691      1
      2.2020783569254           0.9541240638056           1.1767047374925      1
      2.0691061800969           2.2223883561052           1.0824558934115      1
      1.0988069399135           2.1705362626061          0.95628274056161      1
     0.92854805434705           1.2224204624551           0.9429094604613      1
      1.2914636606455          0.79028789460983           1.5505155559449      1
       1.639389447844           1.5660193734876           2.3746816091233      1
      1.6201409845401           1.5900974383208          0.77055532613271      1
      2.3742376415043           1.6370706906792           1.5689530272515      1
      1.5659554216168           2.3883320065856           1.6705704236617      1
     0.75574935981798           1.6350265370894           1.5920761264093      1
      1.5415923119451          0.76325099220399          0.81603502505881      1
      2.3909009716209           1.6084028808386          0.74395384942485      1
      1.4966288651039          0.71198246674814           2.2308602421454      1
     0.70534546876921           2.3443911750522           1.5263850156029      1
      1.5668733468335           2.4505349612809            2.466656245364      1
      2.4746333955549           1.5671014378187           2.4493291517913      1
      2.4804502983018           2.4656634476713           1.6056360694544      1
     0.65185606812891          0.65185606812891          0.65185606812891      1
     0.64695336736344          0.97052930678762            1.637616541073      1
      2.4998925839587          0.64154358981368          0.64182156638391      1
     0.64154041804197          0.64181827225841           2.4998958246064      1
      2.4985257109306           2.5025967924436           0.6327004702008      1
     0.62599422058432           2.5154629837433          0.62630411957706      1
      1.6087903594557           2.5236209342857          0.69394290558926      1
      2.5633191536971           0.7917948352228           1.6857928952762      1
     0.79186721180498           1.6857620779832           2.5633228690551      1
      1.9100154827086          0.63252792484566           1.6562311126576      1
      2.5290458471948          0.61287298071969            2.529508251114      1
     0.61286926347297           2.5295118993557           2.5290494178172      1
        2.01134915588           1.1251401526988          0.59986982006224      1
     0.63939915336793           1.7676968046921          0.66551347109279      1
      2.5246718667202            2.535330014271           2.5294713674935      1
     0.82557962757657          0.54138089742902           1.2328363372213      1
     0.95256627243249          0.62411092742624           2.0012871438835      1
      2.6180732867707           2.0434492663912           1.2139003963706      1
      1.9892431831412           1.9878026433043          0.55299345142161      1
      1.3561368527504           1.1217190551926           2.6157033149954      1
      1.0772602697428            2.640286841436           1.8635160710531      1
      2.6034574701939           1.2910915819334           1.9640091347889      1
      1.2924784712485           1.9620319283684           2.6009020525918      1
      1.1916950087263           1.9929419634878           1.4927914378226      1
      1.9483119755399           0.6919063646683           2.6130293002733      1
      1.6595231267829           1.1067747993209           1.2538799178277      1
      2.0378864872422           1.2524812735909           2.6305502782354      1
      1.8883285789513           2.0092880491329             2.63580701068      1
      1.2142187104283           1.6415903290936            2.006525964204      1
     0.52346101306142           1.5246134251535           2.0941020466971      1
      2.6368758692344           1.8888253157162           2.0077040014705      1
      1.6737744166433           1.1002989078842            1.863103071695      1
      1.1487607599952           2.6162532379148           1.3021712914155      1
      1.1243768035926           1.5248064139547           0.5078609294753      1
      2.0901194543429           1.5358265198182           2.0419995255128      1
      2.0210519534336           1.5200030570866           1.1527213958307      1
      2.0152418629171            2.062008480896           1.6143259197673      1
       2.616418264481           1.3285387065415           1.1713997768377      1
     0.51574662059302           1.9398623167374           1.1857770515883      1
      1.6122364497395           2.0425750402651           2.0980067074768      1
      1.4148669845852           2.0376140208878          0.52731832109499      1
      1.9911330626798           2.6335457772465           1.4324338885977      1
     0.51157919565875           2.3615072019221           2.0280398217737      1
      2.0267714631329          0.50605789045546          0.89925707250967      1
      1.9496443379017           2.6243374818234           1.9737592066485      1
       1.581384086563           1.9971966730115           1.1210423682139      1
      1.1347472592826           1.2899145150565           1.4336043389062      1
      2.6107104483789          0.58568191226336           1.1778532802365      1
     0.58570646605256           1.1778470454335            2.610721164195      1
      2.0324488978457          0.47520442494648           2.1421020682419      1
     0.49388531595014           1.4079450026209           1.1879968366949      1
      1.6240198691015           0.4573192006057           1.2433355689303      1
      1.1080226450268           2.6673865662579           0.7784334705216      1
      1.1084130262763          0.92157136438395          0.52538969824522      1
      2.0302433414262           2.6803720674822           2.4818250140598      1
      1.1789388045613           1.6651014666447           1.0701143807375      1
      2.1476620390174           1.1714707594619           1.6506109447977      1
 Triangles
 540
 13 1 102 1
 1 14 102 1
 2 9 99 1
 24 2 99 1
 18 3 100 1
 3 23 100 1
 19 4 101 1
 4 28 101 1
 9 10 89 1
 9 89 99 1
 10 11 69 1
 10 69 89 1
 11 12 87 1
 69 11 87 1
 12 13 74 1
 12 74 87 1
 74 13 102 1
 14 15 90 1
 14 90 102 1
 15 16 71 1
 15 71 90 1
 16 17 94 1
 71 16 94 1
 17 18 73 1
 17 73 94 1
 73 18 100 1
 20 19 91 1
 91 19 101 1
 21 20 70 1
 70 20 91 1
 22 21 85 1
 21 70 85 1
 23 22 92 1
 22 85 92 1
 23 92 100 1
 25 24 76 1
 76 24 99 1
 26 25 72 1
 72 25 76 1
 27 26 86 1
 26 72 86 1
 28 27 75 1
 75 27 86 1
 28 75 101 1
 69 77 89 1
 77 69 97 1
 69 87 97 1
 85 70 98 1
 88 70 91 1
 70 88 98 1
 71 84 93 1
 84 71 94 1
 90 71 96 1
 71 93 96 1
 72 76 77 1
 72 77 78 1
 72 78 86 1
 73 84 94 1
 84 73 95 1
 73 92 95 1
 92 73 100 1
 87 74 96 1
 74 90 96 1
 90 74 102 1
 75 86 88 1
 75 88 91 1
 75 91 101 1
 77 76 89 1
 89 76 99 1
 78 77 79 1
 79 77 97 1
 78 79 80 1
 78 80 88 1
 86 78 88 1
 80 79 81 1
 81 79 83 1
 83 79 97 1
 80 81 82 1
 80 82 98 1
 88 80 98 1
 82 81 84 1
 81 83 93 1
 84 81 93 1
 82 84 95 1
 85 82 95 1
 82 85 98 1
 83 87 96 1
 87 83 97 1
 93 83 96 1
 92 85 95 1
 33 136 5 2
 5 136 34 2
 6 133 29 2
 44 133 6 2
 38 134 7 2
 7 134 43 2
 39 135 8 2
 8 135 48 2
 29 123 30 2
 29 133 123 2
 30 106 31 2
 30 123 106 2
 31 121 32 2
 106 121 31 2
 32 109 33 2
 32 121 109 2
 109 136 33 2
 34 125 35 2
 34 136 125 2
 35 104 36 2
 35 125 104 2
 36 127 37 2
 104 127 36 2
 37 107 38 2
 37 127 107 2
 107 134 38 2
 40 124 39 2
 124 135 39 2
 41 105 40 2
 105 124 40 2
 42 122 41 2
 41 122 105 2
 43 126 42 2
 42 126 122 2
 43 134 126 2
 45 110 44 2
 110 133 44 2
 46 103 45 2
 103 110 45 2
 47 119 46 2
 46 119 103 2
 48 108 47 2
 108 119 47 2
 48 135 108 2
 103 111 110 2
 103 112 111 2
 103 119 112 2
 118 127 104 2
 104 128 118 2
 125 130 104 2
 104 130 128 2
 120 124 105 2
 105 132 120 2
 122 132 105 2
 106 123 111 2
 111 131 106 2
 106 131 121 2
 107 127 118 2
 118 129 107 2
 107 129 126 2
 126 134 107 2
 108 120 119 2
 108 124 120 2
 108 135 124 2
 121 130 109 2
 109 130 125 2
 125 136 109 2
 111 123 110 2
 123 133 110 2
 112 113 111 2
 113 131 111 2
 112 114 113 2
 112 120 114 2
 119 120 112 2
 114 115 113 2
 115 117 113 2
 117 131 113 2
 114 116 115 2
 114 132 116 2
 120 132 114 2
 116 118 115 2
 115 128 117 2
 118 128 115 2
 116 129 118 2
 122 129 116 2
 116 132 122 2
 117 130 121 2
 121 131 117 2
 128 130 117 2
 126 129 122 2
 1 13 169 3
 54 1 169 3
 9 2 167 3
 2 49 167 3
 33 5 168 3
 5 58 168 3
 6 29 170 3
 53 6 170 3
 10 9 144 3
 144 9 167 3
 11 10 137 3
 137 10 144 3
 12 11 153 3
 11 137 153 3
 13 12 142 3
 142 12 153 3
 13 142 169 3
 29 30 159 3
 29 159 170 3
 30 31 138 3
 30 138 159 3
 31 32 161 3
 138 31 161 3
 32 33 141 3
 32 141 161 3
 141 33 168 3
 49 50 157 3
 49 157 167 3
 50 51 140 3
 50 140 157 3
 51 52 155 3
 140 51 155 3
 52 53 143 3
 52 143 155 3
 143 53 170 3
 55 54 158 3
 158 54 169 3
 56 55 139 3
 139 55 158 3
 57 56 156 3
 56 139 156 3
 58 57 160 3
 57 156 160 3
 58 160 168 3
 137 144 145 3
 137 145 146 3
 137 146 153 3
 152 138 161 3
 138 152 162 3
 159 138 164 3
 138 162 164 3
 154 139 158 3
 139 154 166 3
 156 139 166 3
 140 145 157 3
 145 140 165 3
 140 155 165 3
 141 152 161 3
 152 141 163 3
 141 160 163 3
 160 141 168 3
 142 153 154 3
 142 154 158 3
 142 158 169 3
 155 143 164 3
 143 159 164 3
 159 143 170 3
 145 144 157 3
 157 144 167 3
 146 145 147 3
 147 145 165 3
 146 147 148 3
 146 148 154 3
 153 146 154 3
 148 147 149 3
 149 147 151 3
 151 147 165 3
 148 149 150 3
 148 150 166 3
 154 148 166 3
 150 149 152 3
 149 151 162 3
 152 149 162 3
 150 152 163 3
 156 150 163 3
 150 156 166 3
 151 155 164 3
 155 151 165 3
 162 151 164 3
 160 156 163 3
 3 203 23 4
 64 203 3 4
 19 201 4 4
 4 201 59 4
 43 202 7 4
 7 202 68 4
 8 204 39 4
 63 204 8 4
 20 178 19 4
 178 201 19 4
 21 171 20 4
 171 178 20 4
 22 187 21 4
 21 187 171 4
 23 176 22 4
 176 187 22 4
 23 203 176 4
 39 193 40 4
 39 204 193 4
 40 172 41 4
 40 193 172 4
 41 195 42 4
 172 195 41 4
 42 175 43 4
 42 195 175 4
 175 202 43 4
 59 191 60 4
 59 201 191 4
 60 174 61 4
 60 191 174 4
 61 189 62 4
 174 189 61 4
 62 177 63 4
 62 189 177 4
 177 204 63 4
 65 192 64 4
 192 203 64 4
 66 173 65 4
 173 192 65 4
 67 190 66 4
 66 190 173 4
 68 194 67 4
 67 194 190 4
 68 202 194 4
 171 179 178 4
 171 180 179 4
 171 187 180 4
 186 195 172 4
 172 196 186 4
 193 198 172 4
 172 198 196 4
 188 192 173 4
 173 200 188 4
 190 200 173 4
 174 191 179 4
 179 199 174 4
 174 199 189 4
 175 195 186 4
 186 197 175 4
 175 197 194 4
 194 202 175 4
 176 188 187 4
 176 192 188 4
 176 203 192 4
 189 198 177 4
 177 198 193 4
 193 204 177 4
 179 191 178 4
 191 201 178 4
 180 181 179 4
 181 199 179 4
 180 182 181 4
 180 188 182 4
 187 188 180 4
 182 183 181 4
 183 185 181 4
 185 199 181 4
 182 184 183 4
 182 200 184 4
 188 200 182 4
 184 186 183 4
 183 196 185 4
 186 196 183 4
 184 197 186 4
 190 197 184 4
 184 200 190 4
 185 198 189 4
 189 199 185 4
 196 198 185 4
 194 197 190 4
 2 24 235 5
 49 2 235 5
 28 4 237 5
 4 59 237 5
 44 6 236 5
 6 53 236 5
 8 48 238 5
 63 8 238 5
 24 25 225 5
 24 225 235 5
 25 26 208 5
 25 208 225 5
 26 27 223 5
 208 26 223 5
 27 28 211 5
 27 211 223 5
 211 28 237 5
 45 44 226 5
 226 44 236 5
 46 45 207 5
 207 45 226 5
 47 46 224 5
 46 207 224 5
 48 47 209 5
 209 47 224 5
 48 209 238 5
 50 49 212 5
 212 49 235 5
 51 50 205 5
 205 50 212 5
 52 51 221 5
 51 205 221 5
 53 52 210 5
 210 52 221 5
 53 210 236 5
 59 60 227 5
 59 227 237 5
 60 61 206 5
 60 206 227 5
 61 62 229 5
 206 61 229 5
 62 63 228 5
 62 228 229 5
 228 63 238 5
 205 212 213 5
 205 213 214 5
 205 214 221 5
 220 206 229 5
 206 220 230 5
 227 206 232 5
 206 230 232 5
 222 207 226 5
 207 222 234 5
 224 207 234 5
 208 213 225 5
 213 208 233 5
 208 223 233 5
 209 224 231 5
 228 209 231 5
 209 228 238 5
 210 221 222 5
 210 222 226 5
 210 226 236 5
 223 211 232 5
 211 227 232 5
 227 211 237 5
 213 212 225 5
 225 212 235 5
 214 213 215 5
 215 213 233 5
 214 215 216 5
 214 216 222 5
 221 214 222 5
 216 215 217 5
 217 215 218 5
 218 215 233 5
 216 217 219 5
 216 219 234 5
 222 216 234 5
 217 218 230 5
 219 217 220 5
 220 217 230 5
 218 223 232 5
 223 218 233 5
 230 218 232 5
 219 220 231 5
 224 219 231 5
 219 224 234 5
 220 229 231 5
 229 228 231 5
 1 269 14 6
 54 269 1 6
 18 271 3 6
 3 271 64 6
 34 270 5 6
 5 270 58 6
 7 272 38 6
 68 272 7 6
 14 259 15 6
 14 269 259 6
 15 242 16 6
 15 259 242 6
 16 257 17 6
 242 257 16 6
 17 245 18 6
 17 257 245 6
 245 271 18 6
 35 260 34 6
 260 270 34 6
 36 241 35 6
 241 260 35 6
 37 258 36 6
 36 258 241 6
 38 243 37 6
 243 258 37 6
 38 272 243 6
 55 246 54 6
 246 269 54 6
 56 239 55 6
 239 246 55 6
 57 255 56 6
 56 255 239 6
 58 244 57 6
 244 255 57 6
 58 270 244 6
 64 261 65 6
 64 271 261 6
 65 240 66 6
 65 261 240 6
 66 263 67 6
 240 263 66 6
 67 262 68 6
 67 263 262 6
 262 272 68 6
 239 247 246 6
 239 248 247 6
 239 255 248 6
 254 263 240 6
 240 264 254 6
 261 266 240 6
 240 266 264 6
 256 260 241 6
 241 268 256 6
 258 268 241 6
 242 259 247 6
 247 267 242 6
 242 267 257 6
 243 265 258 6
 262 265 243 6
 243 272 262 6
 244 256 255 6
 244 260 256 6
 244 270 260 6
 257 266 245 6
 245 266 261 6
 261 271 245 6
 247 259 246 6
 259 269 246 6
 248 249 247 6
 249 267 247 6
 248 250 249 6
 248 256 250 6
 255 256 248 6
 250 251 249 6
 251 252 249 6
 252 267 249 6
 250 253 251 6
 250 268 253 6
 256 268 250 6
 251 264 252 6
 253 254 251 6
 254 264 251 6
 252 266 257 6
 257 267 252 6
 264 266 252 6
 253 265 254 6
 258 265 253 6
 253 268 258 6
 254 265 263 6
 263 265 262 6
 Tetrahedra
 1196
 208 281 72 295 1
 290 298 239 314 1
 258 127 293 309 1
 281 295 208 348 1
 289 297 103 332 1
 208 72 281 308 1
 207 297 289 307 1
 215 307 284 348 1
 208 308 281 328 1
 171 291 300 327 1
 129 309 294 325 1
 207 103 289 297 1
 139 239 290 298 1
 215 284 328 348 1
 208 328 281 348 1
 281 308 72 345 1
 195 294 122 309 1
 293 309 274 322 1
 276 306 292 315 1
 292 306 188 315 1
 295 310 281 345 1
 105 294 299 312 1
 120 299 289 312 1
 257 303 94 306 1
 161 121 302 305 1
 70 300 291 333 1
 139 298 290 311 1
 296 298 87 311 1
 96 296 277 298 1
 293 305 241 321 1
 279 185 301 336 1
 171 291 70 300 1
 77 310 295 345 1
 277 296 96 324 1
 119 224 289 299 1
 289 299 224 313 1
 122 294 129 309 1
 198 299 279 301 1
 77 296 310 345 1
 145 288 140 348 1
 289 307 297 332 1
 198 172 294 299 1
 84 306 303 337 1
 145 140 295 348 1
 96 298 277 343 1
 173 188 292 306 1
 208 233 328 348 1
 229 299 301 313 1
 173 292 240 306 1
 96 277 324 343 1
 111 103 297 332 1
 216 284 215 307 1
 292 306 276 317 1
 153 310 296 311 1
 172 105 294 299 1
 198 279 185 301 1
 293 305 275 316 1
 185 327 301 336 1
 97 77 296 310 1
 214 307 215 348 1
 294 309 274 325 1
 274 309 293 325 1
 301 336 327 340 1
 284 307 288 348 1
 198 185 279 336 1
 279 299 294 312 1
 294 309 186 339 1
 87 296 96 298 1
 119 289 120 299 1
 87 296 153 310 1
 145 165 140 288 1
 241 293 104 305 1
 162 304 302 342 1
 300 179 327 347 1
 327 336 286 340 1
 97 296 77 345 1
 171 300 179 327 1
 172 198 294 336 1
 288 221 307 338 1
 288 310 165 346 1
 153 87 298 311 1
 200 292 188 315 1
 275 305 293 321 1
 247 239 298 314 1
 292 315 200 339 1
 287 82 324 337 1
 212 295 140 348 1
 297 307 278 332 1
 107 309 129 325 1
 143 297 210 338 1
 189 229 299 301 1
 74 142 153 298 1
 277 298 296 311 1
 70 88 300 333 1
 139 290 239 319 1
 209 119 108 299 1
 122 129 126 309 1
 208 233 308 328 1
 95 306 84 337 1
 287 291 82 337 1
 69 296 87 310 1
 197 186 309 339 1
 145 165 288 310 1
 274 309 294 339 1
 290 314 239 319 1
 281 288 282 310 1
 185 181 327 336 1
 153 296 87 311 1
 75 211 300 308 1
 83 96 296 324 1
 172 196 198 336 1
 148 282 290 304 1
 229 231 299 313 1
 303 306 276 337 1
 280 300 291 327 1
 234 307 289 313 1
 82 291 287 333 1
 173 188 200 292 1
 240 292 264 317 1
 189 299 198 301 1
 216 307 234 313 1
 199 301 185 327 1
 300 280 335 347 1
 74 153 87 298 1
 154 298 139 311 1
 281 310 296 345 1
 277 298 290 314 1
 214 216 215 307 1
 289 299 279 312 1
 234 207 289 307 1
 89 144 295 310 1
 84 303 324 337 1
 300 335 232 347 1
 124 105 193 299 1
 281 288 284 320 1
 276 324 303 337 1
 284 288 281 348 1
 209 224 119 299 1
 291 300 280 333 1
 143 210 221 338 1
 279 299 289 313 1
 182 200 315 339 1
 290 298 277 311 1
 276 306 303 317 1
 69 87 137 310 1
 139 156 290 319 1
 302 305 130 316 1
 162 338 304 342 1
 266 303 306 317 1
 225 208 76 295 1
 140 212 157 295 1
 137 87 153 310 1
 70 291 98 333 1
 275 305 302 316 1
 279 336 301 340 1
 76 208 72 295 1
 314 321 290 326 1
 283 321 314 326 1
 171 70 178 300 1
 216 234 219 313 1
 207 110 103 297 1
 139 246 239 298 1
 261 173 240 306 1
 142 153 298 311 1
 81 287 296 345 1
 261 192 173 306 1
 260 241 125 305 1
 197 339 309 349 1
 231 224 299 313 1
 228 177 229 299 1
 104 293 128 316 1
 218 232 308 335 1
 207 226 110 297 1
 246 139 158 298 1
 70 91 178 300 1
 281 288 310 348 1
 177 189 229 299 1
 199 185 181 327 1
 152 302 162 304 1
 240 264 266 317 1
 216 284 307 313 1
 172 193 105 299 1
 275 290 321 326 1
 288 307 214 348 1
 258 293 253 322 1
 276 287 324 337 1
 81 296 287 324 1
 205 212 140 348 1
 286 315 292 339 1
 81 296 79 345 1
 282 288 281 320 1
 162 302 152 342 1
 140 155 205 288 1
 129 294 116 325 1
 121 130 302 305 1
 241 104 125 305 1
 266 303 257 306 1
 207 222 297 307 1
 148 290 282 311 1
 249 314 303 317 1
 280 300 327 347 1
 256 241 305 321 1
 221 205 155 288 1
 221 288 155 338 1
 205 140 288 348 1
 284 281 328 348 1
 89 69 144 310 1
 97 69 77 310 1
 279 301 299 313 1
 75 86 211 308 1
 95 73 84 306 1
 283 314 303 323 1
 130 104 128 316 1
 308 328 218 335 1
 83 93 96 324 1
 143 221 155 338 1
 171 178 179 300 1
 107 129 118 325 1
 197 186 175 309 1
 82 287 80 333 1
 221 214 288 307 1
 232 300 211 308 1
 248 239 314 319 1
 147 165 310 346 1
 303 314 277 323 1
 282 320 281 341 1
 257 94 303 343 1
 121 161 302 342 1
 139 239 156 319 1
 277 326 282 341 1
 81 287 82 324 1
 229 301 220 313 1
 148 282 304 346 1
 246 247 239 298 1
 110 111 103 297 1
 105 299 120 312 1
 119 120 108 299 1
 261 240 266 306 1
 303 314 283 317 1
 304 338 278 342 1
 76 72 77 295 1
 69 97 296 310 1
 206 232 335 347 1
 146 310 153 311 1
 206 232 230 335 1
 182 315 286 339 1
 121 109 130 305 1
 81 83 79 296 1
 277 323 326 341 1
 302 305 275 344 1
 276 291 287 337 1
 83 296 81 324 1
 87 83 96 296 1
 266 257 245 306 1
 213 208 295 348 1
 113 302 316 332 1
 120 289 112 312 1
 286 327 181 336 1
 282 310 288 346 1
 251 283 249 317 1
 125 104 130 305 1
 249 283 314 317 1
 303 317 283 323 1
 281 320 284 350 1
 277 290 282 326 1
 198 193 172 299 1
 113 316 285 332 1
 217 284 216 313 1
 139 156 166 290 1
 75 300 88 308 1
 74 87 96 298 1
 82 81 80 287 1
 88 70 98 333 1
 69 97 87 296 1
 78 72 308 345 1
 227 300 232 347 1
 113 302 117 316 1
 252 249 303 317 1
 187 291 315 337 1
 265 243 258 309 1
 206 335 301 347 1
 103 224 207 289 1
 189 177 198 299 1
 86 223 211 308 1
 171 85 70 291 1
 282 290 277 311 1
 258 253 265 322 1
 277 298 314 343 1
 188 306 176 337 1
 294 312 116 325 1
 113 115 285 316 1
 69 137 144 310 1
 278 297 332 342 1
 217 215 284 328 1
 111 332 297 342 1
 98 291 82 333 1
 247 314 298 343 1
 187 85 171 291 1
 239 255 156 319 1
 253 293 321 322 1
 216 217 215 284 1
 166 290 148 311 1
 183 286 181 336 1
 103 119 224 289 1
 250 249 251 283 1
 129 122 116 294 1
 275 290 319 321 1
 188 315 306 337 1
 228 229 231 299 1
 267 303 314 343 1
 277 282 296 341 1
 189 198 185 301 1
 292 315 286 334 1
 276 315 292 334 1
 96 324 93 343 1
 132 116 294 312 1
 114 312 285 325 1
 223 232 211 308 1
 113 285 114 332 1
 187 85 291 337 1
 229 220 231 313 1
 267 303 249 314 1
 314 319 290 321 1
 88 308 300 333 1
 145 147 165 310 1
 120 105 124 299 1
 173 192 188 306 1
 260 256 241 305 1
 209 231 224 299 1
 253 293 268 321 1
 182 184 200 339 1
 277 314 290 326 1
 148 282 146 311 1
 249 283 250 314 1
 114 113 115 285 1
 145 140 157 295 1
 225 213 208 295 1
 289 307 284 313 1
 70 88 91 300 1
 165 155 140 288 1
 251 250 283 322 1
 282 147 310 346 1
 281 310 295 348 1
 281 310 282 341 1
 281 296 310 341 1
 250 321 283 322 1
 119 112 120 289 1
 127 241 258 293 1
 283 321 293 322 1
 283 322 293 329 1
 301 327 280 340 1
 233 208 213 348 1
 154 158 139 298 1
 207 222 226 297 1
 300 308 280 333 1
 147 282 148 346 1
 166 150 148 290 1
 112 289 103 332 1
 181 286 182 327 1
 181 183 182 286 1
 276 287 291 318 1
 114 116 312 325 1
 162 304 338 346 1
 206 227 232 347 1
 92 187 176 337 1
 277 296 287 341 1
 146 282 310 311 1
 146 282 147 310 1
 282 277 296 311 1
 293 321 283 329 1
 285 312 294 325 1
 146 148 147 282 1
 188 187 315 337 1
 188 176 187 337 1
 234 222 207 307 1
 114 285 115 325 1
 160 305 163 319 1
 148 304 149 346 1
 195 105 122 294 1
 163 319 305 344 1
 285 325 294 331 1
 219 217 216 313 1
 113 131 302 332 1
 309 322 265 349 1
 156 166 290 344 1
 199 301 327 347 1
 302 304 278 342 1
 288 307 284 320 1
 92 176 306 337 1
 162 152 138 342 1
 152 302 304 344 1
 221 214 205 288 1
 132 294 105 312 1
 180 291 171 327 1
 214 205 288 348 1
 127 104 241 293 1
 113 131 117 302 1
 267 252 249 303 1
 82 84 324 337 1
 289 312 279 330 1
 155 288 165 338 1
 290 319 156 344 1
 277 287 323 341 1
 180 187 291 315 1
 285 279 312 330 1
 268 293 241 321 1
 273 283 329 334 1
 224 234 207 289 1
 276 287 323 324 1
 191 227 174 347 1
 184 292 200 339 1
 302 332 131 342 1
 80 287 81 345 1
 277 314 303 343 1
 318 331 273 340 1
 208 223 72 308 1
 293 322 274 329 1
 142 298 154 311 1
 172 105 195 294 1
 274 322 309 349 1
 276 286 315 334 1
 286 331 318 340 1
 165 338 288 346 1
 182 286 183 339 1
 250 253 321 322 1
 282 310 296 341 1
 75 88 86 308 1
 281 341 320 350 1
 286 315 182 327 1
 312 330 289 332 1
 285 330 312 332 1
 273 329 331 334 1
 200 292 184 349 1
 280 328 308 335 1
 294 312 285 331 1
 316 332 302 351 1
 98 82 80 333 1
 191 300 227 347 1
 287 296 277 324 1
 279 330 285 331 1
 77 72 78 345 1
 244 305 160 319 1
 128 316 293 325 1
 273 329 285 331 1
 273 283 326 329 1
 285 312 114 332 1
 217 284 313 335 1
 173 190 240 292 1
 250 314 283 321 1
 217 328 284 335 1
 305 319 256 321 1
 276 318 286 334 1
 72 223 86 308 1
 292 339 184 349 1
 187 92 85 337 1
 112 312 289 332 1
 174 227 206 347 1
 142 154 153 311 1
 273 285 329 351 1
 273 284 320 350 1
 286 276 315 318 1
 306 315 276 337 1
 263 240 190 292 1
 279 313 330 340 1
 253 258 268 293 1
 273 323 283 334 1
 187 171 180 291 1
 255 244 160 319 1
 309 339 274 349 1
 163 305 141 344 1
 273 283 323 326 1
 279 285 312 331 1
 117 302 130 316 1
 252 303 266 317 1
 98 70 85 291 1
 279 313 289 330 1
 183 181 185 336 1
 221 222 214 307 1
 206 189 174 301 1
 275 319 305 321 1
 273 330 285 351 1
 284 330 313 340 1
 223 218 232 308 1
 273 285 330 331 1
 98 82 291 337 1
 294 325 274 331 1
 276 323 303 324 1
 273 326 323 341 1
 267 314 247 343 1
 165 151 338 346 1
 273 320 284 330 1
 276 287 318 323 1
 283 317 251 322 1
 333 345 308 350 1
 283 274 322 329 1
 254 322 292 349 1
 218 308 233 328 1
 229 189 206 301 1
 291 315 276 318 1
 285 332 316 351 1
 150 290 166 344 1
 274 329 283 334 1
 154 166 148 311 1
 274 283 322 334 1
 251 253 250 322 1
 262 309 265 349 1
 284 328 281 350 1
 265 322 254 349 1
 278 307 288 320 1
 274 285 325 329 1
 111 112 103 332 1
 285 329 274 331 1
 285 274 325 331 1
 160 163 156 319 1
 235 99 167 295 1
 318 327 286 340 1
 212 235 157 295 1
 167 89 144 295 1
 76 99 225 295 1
 276 323 318 334 1
 251 249 252 317 1
 115 285 316 325 1
 273 330 284 340 1
 273 340 284 350 1
 273 331 330 340 1
 89 167 99 295 1
 235 167 157 295 1
 235 225 99 295 1
 284 320 307 330 1
 146 137 153 310 1
 280 308 328 350 1
 97 79 296 345 1
 160 156 255 319 1
 296 310 282 311 1
 80 333 287 345 1
 132 114 116 312 1
 163 141 152 344 1
 79 80 81 345 1
 292 334 286 339 1
 208 233 223 308 1
 281 308 345 350 1
 278 332 302 342 1
 278 288 307 338 1
 145 295 144 310 1
 98 291 85 337 1
 248 319 314 321 1
 286 336 183 339 1
 263 292 190 349 1
 114 115 116 325 1
 320 338 278 346 1
 290 304 282 326 1
 296 341 281 345 1
 174 206 301 347 1
 284 307 289 330 1
 170 159 133 297 1
 90 269 102 298 1
 280 318 333 350 1
 204 228 238 299 1
 219 224 231 313 1
 280 327 301 347 1
 193 204 135 299 1
 111 131 332 342 1
 287 345 333 350 1
 113 117 115 316 1
 279 301 313 340 1
 287 333 318 350 1
 103 112 119 289 1
 155 165 151 338 1
 156 150 166 344 1
 287 277 323 324 1
 143 236 210 297 1
 142 74 169 298 1
 198 196 185 336 1
 170 236 143 297 1
 169 74 102 298 1
 330 331 279 340 1
 304 320 278 346 1
 280 318 291 333 1
 226 133 110 297 1
 158 269 246 298 1
 288 338 320 346 1
 133 236 170 297 1
 269 169 102 298 1
 275 304 302 344 1
 123 133 159 297 1
 90 259 269 298 1
 133 226 236 297 1
 269 158 169 298 1
 318 323 273 334 1
 15 259 90 343 1
 30 123 159 342 1
 204 177 228 299 1
 301 335 313 340 1
 180 315 291 327 1
 128 293 118 325 1
 304 278 338 346 1
 204 238 135 299 1
 280 333 308 350 1
 164 338 162 342 1
 135 124 193 299 1
 288 278 320 338 1
 223 233 218 308 1
 259 298 90 343 1
 123 297 159 342 1
 135 238 209 299 1
 289 313 284 330 1
 218 230 232 335 1
 116 122 132 294 1
 278 307 320 330 1
 328 335 280 350 1
 209 108 135 299 1
 268 241 256 321 1
 280 327 318 340 1
 278 307 297 338 1
 264 292 254 317 1
 302 332 278 351 1
 239 248 255 319 1
 163 156 319 344 1
 161 121 31 106 1
 94 257 16 242 1
 179 180 171 327 1
 114 312 112 332 1
 149 304 162 346 1
 132 105 120 312 1
 194 309 262 349 1
 184 182 183 339 1
 79 83 97 296 1
 206 61 174 189 1
 241 36 127 258 1
 87 97 83 296 1
 315 318 291 327 1
 227 201 237 300 1
 41 122 195 105 1
 190 292 200 349 1
 202 126 134 309 1
 286 318 315 327 1
 263 254 292 349 1
 254 317 292 322 1
 220 313 301 335 1
 274 331 329 334 1
 263 262 265 349 1
 221 210 143 52 1
 27 75 86 211 1
 12 74 142 153 1
 194 262 263 349 1
 90 298 96 343 1
 159 297 164 342 1
 287 341 345 350 1
 101 75 211 300 1
 207 46 224 103 1
 240 173 66 190 1
 51 205 140 155 1
 137 69 11 87 1
 26 72 208 223 1
 25 76 225 208 1
 140 50 157 212 1
 69 10 89 144 1
 101 211 237 300 1
 244 168 160 305 1
 92 176 100 306 1
 117 121 130 302 1
 108 119 209 47 1
 178 91 201 300 1
 206 61 189 229 1
 268 258 241 293 1
 275 290 326 344 1
 318 323 287 341 1
 304 326 290 344 1
 282 288 320 346 1
 279 312 294 331 1
 273 320 341 350 1
 227 191 201 300 1
 55 139 158 246 1
 207 226 45 110 1
 91 178 20 70 1
 252 257 266 303 1
 201 91 101 300 1
 200 190 173 292 1
 303 323 277 324 1
 111 297 123 342 1
 247 298 259 343 1
 239 56 139 156 1
 171 21 70 85 1
 66 263 240 190 1
 273 323 318 341 1
 46 119 224 103 1
 294 331 274 339 1
 270 168 244 305 1
 176 203 100 306 1
 281 345 341 350 1
 71 93 324 343 1
 213 295 212 348 1
 72 26 86 223 1
 51 221 205 155 1
 153 137 11 87 1
 128 115 316 325 1
 297 338 164 342 1
 174 191 60 227 1
 15 242 259 343 1
 30 106 123 342 1
 248 239 247 314 1
 263 265 254 349 1
 202 262 194 309 1
 88 78 308 333 1
 101 237 201 300 1
 291 318 287 333 1
 138 161 31 106 1
 71 94 16 242 1
 275 326 304 344 1
 56 239 255 156 1
 21 171 187 85 1
 276 317 303 323 1
 248 314 250 321 1
 40 124 105 193 1
 192 65 261 173 1
 260 35 125 241 1
 195 172 41 105 1
 36 104 241 127 1
 244 256 305 319 1
 83 81 93 324 1
 82 95 84 337 1
 215 328 233 348 1
 262 202 272 309 1
 136 270 125 305 1
 271 203 261 306 1
 274 292 322 349 1
 255 244 57 160 1
 92 187 22 176 1
 168 136 109 305 1
 100 271 245 306 1
 274 325 293 329 1
 240 254 264 292 1
 273 320 330 351 1
 273 329 326 351 1
 52 143 221 155 1
 12 74 153 87 1
 211 86 27 223 1
 10 69 137 144 1
 76 25 72 208 1
 140 50 212 205 1
 274 334 292 339 1
 119 224 209 47 1
 287 341 296 345 1
 218 328 217 335 1
 70 178 20 171 1
 246 55 139 239 1
 110 45 207 103 1
 286 334 331 339 1
 274 331 334 339 1
 144 145 157 295 1
 77 89 76 295 1
 213 225 212 295 1
 243 272 134 309 1
 270 260 125 305 1
 192 261 203 306 1
 245 257 17 94 1
 161 32 121 109 1
 60 206 174 227 1
 292 317 276 334 1
 37 127 258 243 1
 173 65 261 240 1
 110 123 111 297 1
 246 259 247 298 1
 95 92 306 337 1
 15 90 71 343 1
 30 159 138 342 1
 164 297 143 338 1
 120 124 108 299 1
 278 304 302 351 1
 302 304 275 351 1
 292 274 339 349 1
 186 336 294 339 1
 147 148 149 346 1
 98 85 82 337 1
 152 162 149 304 1
 97 77 79 345 1
 122 105 132 294 1
 250 253 268 321 1
 179 300 191 347 1
 84 81 82 324 1
 190 200 184 349 1
 210 226 222 297 1
 154 142 158 298 1
 134 272 202 309 1
 294 336 331 339 1
 168 270 136 305 1
 100 203 271 306 1
 178 191 179 300 1
 84 71 93 324 1
 175 126 202 309 1
 162 338 151 346 1
 280 291 318 327 1
 186 172 195 294 1
 127 118 104 293 1
 275 321 293 329 1
 73 245 17 94 1
 32 161 141 109 1
 152 304 149 344 1
 85 187 22 92 1
 156 255 57 160 1
 241 35 125 104 1
 40 105 172 193 1
 153 154 146 311 1
 128 104 118 293 1
 75 91 88 300 1
 127 37 107 243 1
 229 206 220 301 1
 278 332 330 351 1
 293 316 275 329 1
 282 326 320 341 1
 278 320 304 351 1
 251 264 254 317 1
 254 251 317 322 1
 177 62 228 229 1
 148 146 154 311 1
 256 260 244 305 1
 192 176 188 306 1
 285 330 332 351 1
 86 88 78 308 1
 304 320 282 326 1
 273 320 326 341 1
 273 326 320 351 1
 282 320 304 346 1
 78 308 333 345 1
 274 322 292 334 1
 248 256 319 321 1
 263 190 194 349 1
 280 335 301 340 1
 301 335 280 347 1
 205 213 212 348 1
 281 328 308 350 1
 122 126 42 195 1
 290 275 319 344 1
 197 309 194 349 1
 267 249 247 314 1
 291 276 315 337 1
 212 225 235 295 1
 167 144 157 295 1
 76 89 99 295 1
 263 254 240 292 1
 141 168 109 305 1
 245 73 100 306 1
 317 323 276 334 1
 320 326 304 351 1
 313 335 284 340 1
 279 331 294 336 1
 152 149 150 344 1
 137 145 144 310 1
 175 42 126 195 1
 107 243 134 309 1
 215 233 213 348 1
 189 185 199 301 1
 242 15 71 343 1
 106 30 138 342 1
 263 194 67 262 1
 78 72 86 308 1
 182 315 180 327 1
 217 218 215 328 1
 284 335 328 350 1
 217 313 220 335 1
 62 177 189 229 1
 222 216 214 307 1
 126 129 107 309 1
 283 323 317 334 1
 209 238 228 299 1
 110 133 123 297 1
 259 246 269 298 1
 170 143 159 297 1
 90 102 74 298 1
 164 159 143 297 1
 74 96 90 298 1
 305 319 275 344 1
 318 341 287 350 1
 193 198 177 299 1
 210 236 226 297 1
 142 169 158 298 1
 155 164 143 338 1
 128 118 115 325 1
 135 108 124 299 1
 193 177 204 299 1
 181 182 180 327 1
 160 141 163 305 1
 92 73 95 306 1
 278 338 297 342 1
 174 301 199 347 1
 273 341 318 350 1
 284 340 335 350 1
 335 340 280 350 1
 71 96 93 343 1
 138 164 162 342 1
 228 231 209 299 1
 199 174 189 301 1
 293 325 316 329 1
 316 325 285 329 1
 232 227 211 300 1
 175 194 197 309 1
 216 222 234 307 1
 248 250 256 321 1
 194 190 263 67 1
 111 131 113 332 1
 130 109 125 305 1
 243 265 262 309 1
 245 261 266 306 1
 320 278 330 351 1
 286 331 336 339 1
 292 322 317 334 1
 120 112 114 312 1
 180 188 187 315 1
 317 322 283 334 1
 264 252 266 317 1
 303 324 277 343 1
 178 201 191 300 1
 227 237 211 300 1
 145 146 147 310 1
 101 91 75 300 1
 128 117 130 316 1
 71 90 96 343 1
 138 159 164 342 1
 182 200 188 315 1
 199 327 179 347 1
 113 114 112 332 1
 168 244 160 58 1
 23 92 176 100 1
 218 217 230 335 1
 273 318 340 350 1
 183 336 186 339 1
 275 316 302 351 1
 220 217 219 313 1
 243 262 272 309 1
 199 181 179 327 1
 203 23 176 100 1
 58 168 244 270 1
 149 162 151 346 1
 249 250 248 314 1
 304 326 275 351 1
 202 43 134 126 1
 95 85 92 337 1
 136 125 109 305 1
 271 261 245 306 1
 270 244 260 305 1
 176 192 203 306 1
 214 215 213 348 1
 117 131 121 302 1
 252 267 257 303 1
 78 333 80 345 1
 89 9 167 144 1
 49 235 157 212 1
 76 99 24 225 1
 107 134 126 309 1
 28 75 211 101 1
 143 210 236 53 1
 74 169 13 142 1
 178 19 201 91 1
 269 54 158 246 1
 133 226 110 44 1
 106 111 123 342 1
 242 247 259 343 1
 237 28 211 101 1
 236 170 143 53 1
 102 169 13 74 1
 99 235 24 225 1
 167 99 9 89 1
 49 235 167 157 1
 160 168 141 305 1
 100 73 92 306 1
 184 339 197 349 1
 193 204 39 135 1
 136 34 125 270 1
 271 261 203 64 1
 170 159 29 133 1
 59 237 227 201 1
 102 14 269 90 1
 19 101 201 91 1
 44 133 226 236 1
 269 54 169 158 1
 326 329 275 351 1
 214 213 205 348 1
 163 150 156 344 1
 14 259 269 90 1
 227 191 59 201 1
 159 123 29 133 1
 202 194 175 309 1
 262 194 68 202 1
 244 255 256 319 1
 251 252 264 317 1
 64 261 203 192 1
 34 125 270 260 1
 39 124 193 135 1
 135 209 48 108 1
 275 329 316 351 1
 285 316 329 351 1
 43 202 175 126 1
 209 135 48 238 1
 136 109 33 168 1
 18 100 271 245 1
 185 196 183 336 1
 88 80 78 333 1
 238 228 204 63 1
 68 272 262 202 1
 115 117 128 316 1
 186 183 196 336 1
 63 228 204 177 1
 77 78 79 345 1
 112 111 113 332 1
 184 183 186 339 1
 248 256 255 319 1
 111 106 131 342 1
 247 242 267 343 1
 247 249 248 314 1
 186 197 184 339 1
 98 80 88 333 1
 272 38 243 134 1
 180 179 181 327 1
 146 145 137 310 1
 129 116 118 325 1
 109 141 33 168 1
 18 100 245 73 1
 162 164 151 338 1
 82 85 95 337 1
 217 220 230 335 1
 151 164 155 338 1
 280 340 318 350 1
 220 219 231 313 1
 114 132 120 312 1
 78 80 79 345 1
 243 38 107 134 1
 254 253 251 322 1
 190 184 197 349 1
 84 93 81 324 1
 174 179 191 347 1
 182 188 180 315 1
 115 118 116 325 1
 151 147 149 346 1
 250 268 256 321 1
 215 218 233 328 1
 76 24 25 225 1
 157 50 49 212 1
 10 9 89 144 1
 226 45 110 44 1
 55 158 54 246 1
 178 20 19 91 1
 5 136 168 270 1
 100 203 3 271 1
 2 235 99 167 1
 6 170 133 236 1
 101 237 4 201 1
 169 1 269 102 1
 134 272 7 202 1
 135 204 8 238 1
 253 254 265 322 1
 147 151 165 346 1
 26 27 86 223 1
 51 52 221 155 1
 153 11 12 87 1
 47 119 224 46 1
 22 21 187 85 1
 56 255 57 156 1
 152 150 163 344 1
 174 61 206 60 1
 59 60 191 227 1
 29 30 123 159 1
 14 15 259 90 1
 244 57 160 58 1
 22 23 92 176 1
 240 173 65 66 1
 261 64 65 192 1
 125 34 35 260 1
 193 40 124 39 1
 190 197 194 349 1
 25 26 72 208 1
 69 11 10 137 1
 140 50 205 51 1
 70 20 21 171 1
 55 56 139 239 1
 46 207 45 103 1
 189 61 62 229 1
 210 143 52 53 1
 27 28 75 211 1
 74 13 12 142 1
 190 66 263 67 1
 16 15 71 242 1
 138 31 30 106 1
 172 41 105 40 1
 104 241 35 36 1
 68 67 194 262 1
 37 127 36 258 1
 257 16 17 94 1
 121 31 32 161 1
 42 122 195 41 1
 174 199 179 347 1
 108 209 48 47 1
 43 175 42 126 1
 228 63 62 177 1
 245 17 18 73 1
 33 32 141 109 1
 5 168 58 270 1
 2 49 235 167 1
 99 9 2 167 1
 203 3 23 100 1
 24 2 235 99 1
 237 59 4 201 1
 236 6 170 53 1
 170 29 6 133 1
 237 4 28 101 1
 271 203 3 64 1
 1 14 269 102 1
 169 13 1 102 1
 136 5 34 270 1
 101 4 19 201 1
 1 269 54 169 1
 44 6 133 236 1
 39 204 8 135 1
 48 135 8 238 1
 238 204 8 63 1
 272 68 7 202 1
 107 37 38 243 1
 43 134 7 202 1
 33 5 136 168 1
 3 18 100 271 1
 38 272 7 134 1
 348 145 310 295 1
 348 310 145 288 1
 309 195 186 175 1
 309 186 195 294 1
 305 161 344 302 1
 305 344 161 141 1
 152 344 161 302 1
 152 161 344 141 1
 306 94 84 303 1
 306 84 94 73 1
 295 345 72 77 1
 72 345 295 281 1
 300 335 308 232 1
 308 335 300 280 1
 322 258 309 265 1
 322 309 258 293 1
 279 198 294 299 1
 279 294 198 336 1
 293 325 127 118 1
 293 127 325 309 1
 107 127 325 118 1
 107 325 127 309 1
 307 338 222 297 1
 307 222 338 221 1
 210 222 338 297 1
 210 338 222 221 1
 317 240 306 266 1
 317 306 240 292 1
 195 126 309 122 1
 195 309 126 175 1
 336 172 186 294 1
 336 186 172 196 1
 311 166 139 154 1
 311 139 166 290 1
 316 104 305 130 1
 316 305 104 293 1
 310 89 77 295 1
 310 77 89 69 1
 321 326 329 275 1
 329 326 321 283 1
 245 94 306 257 1
 306 94 245 73 1
 161 109 305 141 1
 305 109 161 121 1
 313 234 224 289 1
 313 224 234 219 1
 343 94 324 71 1
 343 324 94 303 1
 84 324 94 71 1
 84 94 324 303 1
 342 161 152 138 1
 342 152 161 302 1
 332 307 330 289 1
 332 330 307 278 1
 127 243 309 258 1
 309 243 127 107 1
 318 331 334 273 1
 334 331 318 286 1
 161 106 342 121 1
 342 106 161 138 1
 94 242 343 257 1
 343 242 94 71 1
 340 336 331 279 1
 340 331 336 286 1
 335 206 220 230 1
 335 220 206 301 1
 342 121 131 302 1
 342 131 121 106 1
 257 343 267 242 1
 267 343 257 303 1
 323 314 326 283 1
 323 326 314 277 1
 290 344 148 304 1
 290 148 344 150 1
 149 148 344 304 1
 149 344 148 150 1
 End
