 MeshVersionFormatted 2
 Dimension
 3
 Vertices
 390
      1.5707963267949           1.5707963267949           2.6179938779915      1
      1.5707963267949           1.5707963267949           0.5235987755983      2
      1.5707963267949           1.5707963267949           2.1991148575129      3
      1.5707963267949           1.5707963267949          0.94247779607694      4
      1.8214071043998           1.5707963267949          0.55402843323196      2
      2.0574532945434           1.5707963267949          0.64354894503858      2
      2.2652167506476           1.5707963267949          0.78695770426579      2
       2.432623015833           1.5707963267949          0.97592031509691      2
      2.5499430464641           1.5707963267949           1.1994549574416      2
      2.6103586288015           1.5707963267949           1.4445706104022      2
      2.6103586288015           1.5707963267949           1.6970220431876      2
      2.5499430464641           1.5707963267949           1.9421376961482      2
       2.432623015833           1.5707963267949           2.1656723384929      2
      2.2652167506476           1.5707963267949            2.354634949324      2
      2.0574532945434           1.5707963267949           2.4980437085512      2
      1.8214071043998           1.5707963267949           2.5875642203578      2
      1.8112434187486           1.5707963267949          0.99030569636701      5
      2.0150846206107           1.5707963267949           1.1265080329791      5
      2.1512869572228           1.5707963267949           1.3303492348412      5
      2.1991148575129           1.5707963267949           1.5707963267949      5
      2.1512869572228           1.5707963267949           1.8112434187486      5
      2.0150846206107           1.5707963267949           2.0150846206107      5
      1.8112434187486           1.5707963267949           2.1512869572228      5
      1.8906962678391           1.7593657843247           2.5499430464641      1
      1.6096233567827           1.8116793896078          0.55241991160041      1
      2.4712298235249           1.7921720818821           1.0841393590463      1
      2.4777120213518           1.7888877995299           2.0467824019261      1
      2.5678738271687            1.356982339468           1.8090036908791      1
      1.9339953204301           1.3527048540601           2.5284733661849      1
      2.3408530177802           1.3514187401985          0.89588234827607      1
       1.694254300908           1.3527048540601          0.55402843323196      1
      2.5950320519834           1.7888877995301           1.5707963267949      1
      2.3408530177489            1.351418740213           2.2457103053541      1
      2.5618379719311           1.3586395211958            1.307265192627      1
      2.1526285346161           1.7888877995277          0.72786685009163      1
      1.8444337842073            1.817213417052          0.59047807706054      1
      2.1526285346171           1.7888877995297            2.413725803497      1
      2.5644450063268           1.7919263295901           1.3250596084143      1
      2.4609278644992           2.0021698508506            1.226986147248      1
      2.3445101576619           1.9940138855093            1.006104802905      1
      2.1485004925908           1.3559202415724          0.72420972398709      1
      2.2092227156316           1.1367538397132          0.86323602782598      1
      2.3692656221203           1.1505013964352           1.0393627305962      1
         1.9941567618           1.1568847660994          0.70704527861776      1
      2.1485004925582           1.3559202416123           2.4173829296351      1
      2.2009112822165           1.1442121386185            2.290243186948      1
      2.3692656220828           1.1505013964409           2.1022299230544      1
      2.2116670851879          0.95449447221913           2.1240407631116      1
      2.0310358498404          0.95756834242289           0.8575265798954      1
      2.0245742241811          0.96358079410546           2.2932903599444      1
      2.0191912957965          0.79190180919002           2.1082793436905      1
      2.2187269710523          0.81759428070271              1.9016970207      1
      1.9865685304677          0.66320709471888           1.8870841256504      1
      2.3060860579948           2.1893713729417           1.1544591620972      1
      1.9955326091918           1.9984098234494           2.4271656975262      1
      2.1378442493205          0.69976311694025           1.6987827015459      1
      1.9154335795002           0.5861535844145           1.6620462317674      1
        2.40037740966           2.1833368319904           1.3885545432233      1
      2.2240144015386           2.3527670924271           1.3290307797109      1
        2.10868914404           2.3383300663417           1.1036924978173      1
      2.2858472670638           2.3356164112727           1.5514287654595      1
      2.0634910453883          0.65215934204273           1.4708927945862      1
      1.8365371991546           0.5725203951553           1.3991872818737      1
      1.8112541518784           0.9853843943372          0.73647287936913      1
      2.2604787214638          0.78618242187998           1.4977078466486      1
      1.8378026501025          0.80373987616288          0.90977080830888      1
       2.193289476934           2.0201364044902           2.2829890562149      1
      2.0084969939147           2.1964334861345           2.2874684848201      1
      2.0084946401421           2.4790605110304            1.287778536965      1
      1.8792263466243           2.4414943407843           1.0774621575595      1
      2.1916897133191           2.2029717079283           2.1288898684987      1
      1.9955670460401           2.3609911415818           2.1109673200812      1
      1.7681593437427           2.5542641012911           1.2700278322665      1
      1.6315618895798           2.4876284291719           1.0684526658788      1
      1.7373136398383           2.3467716005817          0.88760011035303      1
      1.4861684654256           2.3697070344622          0.89908022792069      1
       1.887934944582           2.5656988136329           1.4919620067058      1
      1.5907128954114           2.2056311923316          0.73820354816556      1
       2.174272453167          0.76829226732629           1.2734303726787      1
      1.8391094196585           2.1618957641535          0.74907115948866      1
      2.4381703464142           2.1485219793495           1.6733540749273      1
      2.1686091514163           2.3531945157759           1.9273010418121      1
       1.957448105656           2.4880041432282           1.8961468064463      1
      1.5165594027028           2.5741404142892            1.275869709842      1
      1.7724479812536            2.470629393853           2.0670420047761      1
       1.785790974489           2.1473290549455           2.4181510494856      1
      1.7256549705371             2.57085188673           1.8401109917007      1
      2.3775243148786          0.96880308224971           1.2819766633428      1
      2.4272311755247          0.96864990407928           1.5470951301133      1
      1.6882592194144           2.0026810411266          0.62406469976629      1
       1.423389870743           2.0696664575154          0.66193844977488      1
        1.61053925697          0.85149577249866          0.81076348321354      1
      1.6325652595357          0.69176505859665           1.0050124990745      1
      1.4009006747399          0.75742814119767          0.93346566434153      1
      1.3759632125718          0.93068193726492          0.76524289147794      1
      1.4273825707969          0.62822306275454           1.1376556478706      1
      1.7482237252101          0.57790398055096           1.8524113446721      1
      1.8187974313645          0.82142396460618           2.2589527233735      1
      1.8138338227699           1.0131035291276            2.423166099964      1
      1.8549814210903          0.66827792404977           1.1221070399617      1
      2.3467336228579           2.1743500520862           1.9317214222062      1
      2.3309501647747           1.8207771672824           2.2462949820311      1
      2.2286228045058          0.93472801905662           1.0615771752053      1
      2.1021821795725           2.4651288956711           1.6908839737334      1
      2.3235071211978           1.7696157710424          0.87042499684869      1
      2.5675753605489           1.7774207635758           1.8164802929497      1
       1.694254300908           1.3527048540601           2.5875642203578      1
      2.5938818010864           1.3483480109789            1.549926005366      1
      2.4859450918513           1.3532672111115            2.031020764301      1
       2.479703837418           1.3635504975743           1.0937648659501      1
      2.5204728711761           1.1542935580048           1.4249792637519      1
      2.5237113391003           1.1491338165818           1.6746058544695      1
      2.3997681594207           0.9694816023881           1.7895405019328      1
      2.1822748252099           2.1698530469797          0.96759834668412      1
      1.9793269386539           2.2903101143579          0.92890431102205      1
      2.5261080579588           1.9899289562408           1.4795272385634      1
      1.6479714839412           2.6067624154374           1.4387320638987      1
      1.4264230898638           2.6068615248944            1.522340316051      1
      1.2031989490182          0.72534859939588           1.0740941833329      1
      1.2343102624884          0.61684735116261           1.2999066967797      1
      1.5353990488864           2.5254666194495            1.999718669733      1
       1.268856916862           2.5345922755091           1.2941147892765      1
       1.020507152721          0.74050192963779           1.2476620664963      1
      1.1621875695574           2.5337836267361           1.5226605304176      1
      1.0377329423748           2.4380238405151           1.3250676575894      1
     0.94503112542376           2.4103871071803           1.5594850281516      1
      0.8375267467208           2.2893446961614           1.3643340419804      1
     0.76490934959303           2.2388072279027            1.601297592502      1
       1.600817501537           0.8902171508055            2.366116026984      1
     0.68005053644396           2.0972564768859           1.4094446655997      1
     0.63228022461184           2.0289347578181           1.6477340626265      1
      1.0646924577925          0.65830631317964           1.4822324511717      1
     0.86646406547749           0.8076552815876           1.4360576091983      1
     0.83606127010351          0.91016562520238            1.223875321645      1
     0.74269063390574           2.1537086310215           1.8373988740782      1
      0.6358260563977           1.9289612041577           1.8776696318073      1
     0.77123474000725           2.0400831475532           2.0577191749221      1
      0.6918046536542           1.8023358535323           2.0907826702114      1
     0.92849519113954          0.75016399318438           1.6739202105511      1
     0.85292817547671           1.9029146435022           2.2570801254254      1
     0.79560193075184           1.6573725419553           2.2695100868885      1
     0.70695114935221           1.0009720918655           1.4105010931531      1
     0.69847664040059           1.1228168012581           1.2033790971215      1
      0.7727405464504           2.1327190388094           1.1913591799404      1
     0.65711477377427           1.5523614779967           2.0821366119786      1
     0.78753761842618            1.406139537607           2.2460863746788      1
     0.59814164579568           1.2260894064375           1.3926314542185      1
     0.62314827693864           1.3636718693229           1.1762265054036      1
     0.75729350210308           1.2702337990728          0.98385677932865      1
     0.94724972064772           1.5125595679857           2.4100941411122      1
     0.95992635831226           1.2646127496184           2.3643404086867      1
     0.95614810155847           2.1283388129702           2.2095268228222      1
      1.0560480845469           1.9785691427615           2.3865035591359      1
     0.67579492350887           1.3035738478364           2.0442805885053      1
     0.69686213810153           1.5141075105124          0.99664641329362      1
     0.85210969998744            1.428218030553          0.82260940287747      1
     0.82644437644306            1.676824427992           0.8418786860452      1
      1.0068691259872           1.5891654334876          0.68859941037509      1
      1.1675912912261           2.1926932285488           2.3105886315082      1
      1.1437185036138          0.62587135401746           1.7168923226354      1
      1.0232247050028          0.74424747462876           1.9078497724425      1
     0.55450578992603           1.7986963330968           1.6795981789415      1
      1.1083220144408           2.4947955264328           1.7409894544861      1
      1.2856587998764           2.0325852778707           2.4663800842622      1
      1.2514985507102          0.64062271136693            1.930586107891      1
      1.1469896648486          0.79210253946851           2.1281531336085      1
      1.1378378319618           1.3764055376208           2.5042747004428      1
     0.58327408913652           1.5795308944386           1.2224484422162      1
     0.99290542153545           1.8361829608558          0.73878986809857      1
      1.0589192843125            1.342148748504          0.68630500996168      1
      1.1659039437299           1.1358388363062           2.4330589612839      1
       1.545088343223           2.3983972384751           2.2119192025363      1
     0.82560768412522          0.89232938688198           1.8553999274634      1
      1.1503327652968              2.4188039315           1.1227827030659      1
      1.2219528825569           1.5064415046494          0.58550986108509      1
     0.57216443259493           1.4488888807535           1.8614776397794      1
      1.1810992522355           1.8009557433396           2.5151403024138      1
     0.62768844799228           1.1174573221402           1.6114655661689      1
      1.5815655377674          0.71929376972655           2.1802634142026      1
      1.3671941347766          0.55956675013293           1.7513056116573      1
       1.116782593022           2.3149517412488           2.1510781203372      1
      1.4494871587739          0.55126837772145           1.3647148913275      1
      1.2682500112606           1.2517260009337          0.62038453954495      1
      1.3400216263771           1.2239876425231           2.5315717872397      1
      1.3376495547762           1.5049706715269           2.5895859405219      1
     0.83423861530811           1.9186337548278          0.91268191991645      1
      1.0178486199609           2.0686876114531          0.83392740127247      1
      1.0116557657707           1.0098653262749           2.2558809616433      1
      1.1374620090682            1.122172693986          0.72961803630122      1
      1.1674619278575          0.87329117443577           0.9018937656558      1
     0.99567845798516           1.0113084283684          0.89786584024948      1
       1.410892167123           1.9071932167086           2.5495151339137      1
     0.64828828113049            1.940521660299           1.2407890622053      1
     0.54238235667488           1.3768288724513           1.6077292924164      1
      1.4190738685783           2.2202265498467           2.3781645155984      1
        1.60529843303           1.1056754475353           2.5083969259704      1
        1.48755992649           2.5946410925276           1.7743554301976      1
       1.373319564925          0.81156032740082           2.2644722864314      1
      1.3805544826829           1.0025048460151           2.4295602902063      1
      1.3234936963809           2.4422152105479           2.0962420892302      1
       1.519420766467          0.60033595863443           1.9609116134256      1
      1.1954514397025           1.9752512612563          0.68076535376331      1
      1.2162682333593           2.1944309958786          0.80789899312939      1
       1.347549373628           1.8041250652001          0.57463308265863      1
      1.4231488670473           1.3765342828267          0.55242252649586      1
      1.3870989167575           2.4829240364549           1.0902747205709      1
      0.9428054941732           2.2936319911543            1.146816577626      1
     0.90916126256012           2.3536399208001           1.7853135996009      1
     0.57834551893116           1.8864455922409           1.4611165819641      1
     0.52961299684397           1.6359582693976            1.479615704398      1
     0.57803167619613           1.6881507546587           1.8826761081441      1
     0.97873811868622           1.7517783937051           2.4153881103804      1
      1.2820313547369          0.56497886196692           1.5311891356359      1
     0.82294433697249            1.165367227809           2.1815068623568      1
      2.0360167178866          0.78115281565596           1.0641842224578      1
      1.7014132211583          0.53291306915127           1.6193790566695      1
      1.1298686770838           1.7561591925247          0.63921373412754      1
       1.586604013042           1.0288866115373          0.67485732842668      1
      1.6453750135993          0.58153230440808           1.2355092487293      1
     0.90411516281836          0.92431083658122           2.0547544321865      1
      1.5466074891842           2.0724695853764           2.4896878073253      1
      1.6762050327986           1.8517309802315           2.5740846385125      1
     0.67525529280909           1.7625445691995           1.0629955989355      1
      1.7953907053332          0.67756688210685           2.0691147345458      1
     0.99761764892431          0.86237498898778           1.0548233404804      1
      0.7536953058989          0.91854912143528           1.6303128453712      1
      1.3074083769749           2.5331314877095           1.8888537700173      1
      1.9257512558844            1.359938118599          0.60841982792159      1
      1.8030572358538           2.3255579353244           2.2585553657361      1
     0.73833710833126           1.0840927244766           1.9791515206121      1
     0.61574513572286           1.2223150005803           1.8219152208346      1
     0.90724070203231           2.2552401170311           2.0042168409439      1
      2.3552283884292           2.0148517948664           2.1038102039015      1
      2.4769605690451           1.9761781266642            1.904194997509      1
      1.9991544022768           1.1672340346535           2.4369773394956      1
      1.0693619162632           2.2562330776882          0.95812781634919      1
      1.1970353077986          0.91985735361395           2.3010044239187      1
      2.4719658594631           1.1514004254056           1.9003767608631      1
     0.55107010900393           1.4369995458323           1.3736172878837      1
      1.2765112008455           2.3527336398445          0.93945409445343      1
     0.87734628745604           2.1260857289239           1.0163565788905      1
      1.2927394761861           2.5732703686471           1.6905998929946      1
      2.1139768509436           2.4604035923044           1.4699174758384      1
      2.1936263382892           1.9717310679844          0.83055527056966      1
      1.9877004233377            1.962095261011           0.6934715126016      1
      2.0553935436901           2.1195111645066          0.82199710438309      1
       1.781534577765           1.1551243680514          0.63301760901308      1
     0.53212305807898           1.5900518476423           1.7027424408114      1
      1.1407375638467           1.6280769192202           2.5238918652248      1
     0.91814998885298           1.2102773089383          0.83547224411646      1
      2.5417263803573           1.9446684516407           1.6896961862767      1
      1.8729376054459           2.5627515195698           1.7169409623247      1
      1.5145697789193           1.2108382823323          0.58901656902192      1
      1.3772997165337           1.1174859667516          0.64684205816092      1
      1.8131983894275           1.1923279329593           2.5166428397827      1
     0.69433542747489           1.0388061347669             1.78392877102      1
      1.0978911377747            2.426402119622           1.9461922787051      1
      2.2887848854304           2.3088954111476           1.7613872042741      1
      1.6219524327277           2.2610173663141           2.3566720680308      1
      2.0029812369867          0.66768420352899           1.2638314958373      1
       1.370137682995          0.68900644472984           2.0988166140834      1
      1.4936092463117          0.52648546958314           1.5797237759417      1
      2.2959496407504          0.82581770516808           1.6964236956699      1
     0.83596216975745           1.0430349528333           1.0434355347015      1
      1.5390054311676           1.2488207410496           2.5667600672851      1
      1.5124774627424           1.9419271541426          0.59330794818367      1
       2.344568478479          0.99640929685805           1.9806486274481      1
      1.3871248494094           1.5489480896639          0.54006350294507      1
      1.6625128204879           2.6108645813367           1.6512253135547      1
      2.0163104911047           1.7425399546014          0.63878561497913      1
      1.5699853505436          0.54246044114857           1.7686532443936      1
      0.7429657004391           1.9826523080672           1.0791726739976      1
     0.57763469764966           1.7647276737469           1.3012720750194      1
      1.8012303407111            1.979285022117           2.5070974868159      1
      2.4839332185319           1.1889435037851           1.2287551746794      1
      1.6265759392588          0.53345126267339           1.4387866149996      1
      1.4030238905213           2.2380029367219           0.7812961934645      1
      1.3483377071458           1.6799006144872           2.5882594112275      1
      1.3065560502709           2.3253545608989           2.2471406613173      1
      2.0591821051565           1.3658624517239           1.2327643543632      2
      1.8674621623701           1.3868322317698           2.0932240919335      2
      2.1510299500164           1.3541140785478           1.6764463235837      2
       1.686263092335           1.3598882186418          0.99030569636701      2
      2.0462458984139           1.3468375113227           1.9151425622371      2
      2.0116520301257           1.1644638932127            1.758744134187      2
      2.1512869572229           1.7817044349476           1.4553295612548      2
      1.9153472099488           1.7916976490698           2.0475263035938      2
      1.8996178550706            1.781704434948            1.078680132689      2
      2.0648613621513           1.1849995356332            1.527845741104      2
      1.8964987756577           1.0336787357801           1.5851763223039      2
      1.7978411116102           1.0326338525059           1.8023476018914      2
      1.9181477140765           1.0867443426276           1.3712346410413      2
      1.7224532118304          0.97951275959361           1.4219067421268      2
      1.7326067167823           1.0752079580838           1.2200916896228      2
      1.5091679192132           1.0012549887159           1.3127095591339      2
      1.5050570269695          0.94701672663414           1.5338973982829      2
      1.5179574974652           1.1587282006096           1.0994237633795      2
      2.0904309050841           1.7690758775486           1.8631134505538      2
      1.9518688017905           1.9658942232608           1.8765177638132      2
      2.0900597135432           1.9077700098291           1.6784924185007      2
      1.9205148554534           2.0801459335465           1.6850071181347      2
       2.036114275119           1.9844283943326           1.4861092810591      2
      1.8274379947201           2.1361141827182            1.474178770924      2
      1.3030458021583           1.0240544207312           1.4153385487515      2
      1.3059098178397           1.0080622684223           1.6599573775098      2
      1.1260142701926           1.1277143250438           1.5456678988211      2
      1.7729659215012           2.0955873852192           1.8509855057754      2
      1.1558244839478           1.1525812722671           1.7891508867519      2
      1.0088134389631           1.3073743622429           1.6686139040466      2
      1.0784572657807           1.3581044200994           1.8981319005865      2
     0.97173411001767           1.5227100383558           1.7540893854133      2
      1.0177043823305           1.3115238867864            1.423652591406      2
      1.0859315290881           1.5924264327219           1.9698231961983      2
      1.0234662379432           1.7667471722769           1.8091599482561      2
      1.1707687707494           1.8212962195713           1.9855395415277      2
      1.1518444931012            1.975583294661           1.8061918402058      2
      1.0293762112195           1.8891277468133           1.5885034305378      2
      1.2035676883279           2.0802667929175           1.5899574145009      2
      1.1228957647731           1.9705432336231             1.38540033691      2
      1.2492318869543           1.1979208687128           1.9611095085268      2
      1.2743035655665           1.6338390125786           2.1211615131502      2
      1.3269782678792           2.1207836833979           1.3895483260693      2
      1.2697340681107           1.9745108344291           1.1950832863435      2
      1.1004771762709            1.792688165443           1.2181660889603      2
      1.2773327923083           1.7657303065105           1.0505424719101      2
      1.1388198222613           1.5738423794322           1.1145385080807      2
      1.3568779013479           1.8455756079219           2.0937871775382      2
      1.5045121887185           2.0844008857125           1.2149860597394      2
      1.4131276967358           2.1788890087499           1.5829646993919      2
      1.3095385106995           1.5307775090697           1.0007726221996      2
      1.2154036728988           1.3395555578286           1.1071068354668      2
     0.98430794513292            1.557146838209           1.3457868921473      2
      1.5326760491622          0.97246577752435           1.7587632767792      2
      1.9203086525177           1.9984810282965           1.2712782032816      2
       1.319804275759           1.1221455559638            1.209548970828      2
      1.7221410519319           2.1093420160263           1.2847063220288      2
      1.9072056869122           1.4030802708532           1.0673241398288      2
      2.0671256114915           1.7798417286476           1.2471585089175      2
       1.686263092335            1.781704434948          0.99030569636701      2
      1.7577985509423           1.9657586386504           1.1193330210642      2
      1.6732528970307           1.7733596173409           2.1566759565673      2
       1.744563328083           1.9679082624263           2.0256493974518      2
      1.5425466730058           2.0758633430269            1.943480431928      2
      1.3269109663652           1.9993939461002           1.9601652877272      2
      1.3425050384973            2.114055033688           1.7888266942117      2
      1.5845187981477            2.185731278174           1.4425353608076      2
      1.8685807233547           1.1780808204797           1.9605182280381      2
      1.6995029676901           1.2064555089325           2.0662502046407      2
      1.6337648253547           2.1850105482434           1.6872438875385      2
      2.1512899056457           1.3657910685032           1.4451610410296      2
      1.4670232670839           1.7524153084645           0.9783185857623      2
      1.5132223619422           1.9386756257877           1.0646992649705      2
      1.0018059129916           1.7785445090487           1.4038389136208      2
      0.9493299165494           1.6632336676396            1.575156945754      2
      1.0660761613095            1.383000269158           1.2471076317003      2
      1.2140743255437           1.4040859950426            2.060430123784      2
      1.4282915421646           1.4496003024458           2.1706197058683      2
      1.4707979741955           1.7318028632681           2.1698467426481      2
      1.3589172391128           1.0522434017103           1.8553912883329      2
      1.5783296211821           1.0807956019585           1.9640223625288      2
      1.4350284340262           1.2439543575979           2.0899548599119      2
      1.1390023098978           1.1887898552459           1.3209780754398      2
      1.6989791970663          0.95766907416731              1.6200741098      2
      1.4740425742439           1.3975465815229           0.9746357669001      2
      1.9244191124616           1.2012074180674           1.2059139621258      2
      1.6862630923584           1.3598882185947            2.151286957201      2
      1.5247589599928           1.9334441268333           2.0818259834968      2
      2.1688636580446           1.7222804865355           1.6897593155062      2
      1.4133268114166           1.1235445527812           1.9830503484996      2
      2.0483959496316           1.2272991947398           1.3501325631641      2
      0.9533489413253           1.4559001630483           1.5523092021765      2
      1.7607198577472           1.2097495278617           1.0929276864613      2
      1.3660401733609           1.2842939701185           1.0504354008086      2
     0.93128677597397           1.0739087400336           1.7126631798944      1
      1.8609014672262          0.79335842592087           1.5194650873734      1
      1.5865381870237          0.74461068489817           1.6374978843998      1
      1.6006028376269          0.77109201829715           1.3966086177713      1
      2.2763407469735           1.1587551587111            1.407351605285      1
      2.2577099465657           1.4738967974404           1.1259519915301      1
        2.37056887921           1.4817135476965           1.4117116750287      1
      2.0294135908704           1.6360176215323          0.88442708652166      1
      1.9735920852267           1.1844447314839          0.95799957075917      1
      1.4095624796544           2.3642745965019           1.7433753129698      1
      2.1310992156888           1.0082076798598            1.281910016614      1
      1.7300533428744           1.6651691511855          0.77015724046006      1
      1.8706170917118           0.8748111872832           1.2558634034973      1
      1.1749360714286           2.0010732074874           2.1548862045077      1
     0.88629218439437           1.9353402281153           1.2648334504163      1
      1.0661005712047          0.94908897552667            1.379734695378      1
     0.85818060046549           1.2589800480576            1.855949321678      1
 Triangles
 738
 16 24 1 1
 1 107 16 1
 24 222 1 1
 1 265 107 1
 185 265 1 1
 1 278 185 1
 1 222 192 1
 192 278 1 1
 5 31 2 1
 2 36 5 1
 25 36 2 1
 2 268 25 1
 31 205 2 1
 205 268 2 1
 6 228 5 1
 5 270 6 1
 5 228 31 1
 36 270 5 1
 6 35 7 1
 7 41 6 1
 6 270 35 1
 41 228 6 1
 8 30 7 1
 7 105 8 1
 30 41 7 1
 35 105 7 1
 8 26 9 1
 9 110 8 1
 8 105 26 1
 8 110 30 1
 10 34 9 1
 9 38 10 1
 26 38 9 1
 34 110 9 1
 10 32 11 1
 11 108 10 1
 10 38 32 1
 10 108 34 1
 12 28 11 1
 11 106 12 1
 28 108 11 1
 32 106 11 1
 12 27 13 1
 13 109 12 1
 12 106 27 1
 12 109 28 1
 14 33 13 1
 13 102 14 1
 27 102 13 1
 33 109 13 1
 14 37 15 1
 15 45 14 1
 14 45 33 1
 14 102 37 1
 15 24 16 1
 16 29 15 1
 15 37 24 1
 29 45 15 1
 16 107 29 1
 37 55 24 1
 55 274 24 1
 24 274 222 1
 25 90 36 1
 25 266 90 1
 204 266 25 1
 25 268 204 1
 26 39 38 1
 26 40 39 1
 26 105 40 1
 27 233 102 1
 106 234 27 1
 27 234 233 1
 28 112 108 1
 109 238 28 1
 28 238 112 1
 29 235 45 1
 107 255 29 1
 29 255 235 1
 30 42 41 1
 30 43 42 1
 30 110 43 1
 31 253 205 1
 228 247 31 1
 247 253 31 1
 38 116 32 1
 32 251 106 1
 116 251 32 1
 45 46 33 1
 46 47 33 1
 47 109 33 1
 108 111 34 1
 34 275 110 1
 111 275 34 1
 35 244 105 1
 35 245 244 1
 35 270 245 1
 90 245 36 1
 245 270 36 1
 37 67 55 1
 37 102 67 1
 39 116 38 1
 40 54 39 1
 54 58 39 1
 58 116 39 1
 40 114 54 1
 105 244 40 1
 40 244 114 1
 42 44 41 1
 44 228 41 1
 43 103 42 1
 42 49 44 1
 42 103 49 1
 88 103 43 1
 43 275 88 1
 110 275 43 1
 49 64 44 1
 64 247 44 1
 44 247 228 1
 45 235 46 1
 46 48 47 1
 46 50 48 1
 46 235 50 1
 48 267 47 1
 47 238 109 1
 47 267 238 1
 50 51 48 1
 51 52 48 1
 52 267 48 1
 49 66 64 1
 49 215 66 1
 103 215 49 1
 50 98 51 1
 50 99 98 1
 50 235 99 1
 51 53 52 1
 51 224 53 1
 98 224 51 1
 53 56 52 1
 56 263 52 1
 52 263 113 1
 113 267 52 1
 53 57 56 1
 53 97 57 1
 53 224 97 1
 54 59 58 1
 54 60 59 1
 54 114 60 1
 67 68 55 1
 68 86 55 1
 86 274 55 1
 57 62 56 1
 62 65 56 1
 65 263 56 1
 57 63 62 1
 57 216 63 1
 97 216 57 1
 59 61 58 1
 61 81 58 1
 81 116 58 1
 60 69 59 1
 59 243 61 1
 69 243 59 1
 60 70 69 1
 60 115 70 1
 114 115 60 1
 61 258 81 1
 61 243 104 1
 104 258 61 1
 63 260 62 1
 62 79 65 1
 62 260 79 1
 63 219 100 1
 100 260 63 1
 216 276 63 1
 63 276 219 1
 66 92 64 1
 92 218 64 1
 218 247 64 1
 79 88 65 1
 88 89 65 1
 89 263 65 1
 66 93 92 1
 66 100 93 1
 66 215 100 1
 67 71 68 1
 67 233 71 1
 102 233 67 1
 71 72 68 1
 72 229 68 1
 68 229 86 1
 70 73 69 1
 73 77 69 1
 77 243 69 1
 70 74 73 1
 70 75 74 1
 70 115 75 1
 71 82 72 1
 71 101 82 1
 71 233 101 1
 82 83 72 1
 83 85 72 1
 85 229 72 1
 74 84 73 1
 73 117 77 1
 84 117 73 1
 75 76 74 1
 76 206 74 1
 74 206 84 1
 75 78 76 1
 75 80 78 1
 75 115 80 1
 78 277 76 1
 76 240 206 1
 76 277 240 1
 104 243 77 1
 77 252 104 1
 117 269 77 1
 77 269 252 1
 80 90 78 1
 90 91 78 1
 91 277 78 1
 79 103 88 1
 79 215 103 1
 79 260 215 1
 80 245 90 1
 115 246 80 1
 80 246 245 1
 101 234 81 1
 81 258 101 1
 81 251 116 1
 234 251 81 1
 82 104 83 1
 101 258 82 1
 82 258 104 1
 83 87 85 1
 83 252 87 1
 104 252 83 1
 84 118 117 1
 84 122 118 1
 84 206 122 1
 87 121 85 1
 121 172 85 1
 172 229 85 1
 86 259 221 1
 221 274 86 1
 229 259 86 1
 87 197 121 1
 87 269 197 1
 252 269 87 1
 88 111 89 1
 88 275 111 1
 111 112 89 1
 112 113 89 1
 113 263 89 1
 90 266 91 1
 202 203 91 1
 91 204 202 1
 203 277 91 1
 91 266 204 1
 93 94 92 1
 94 95 92 1
 95 218 92 1
 93 96 94 1
 93 219 96 1
 100 219 93 1
 94 190 95 1
 96 119 94 1
 119 190 94 1
 95 190 189 1
 189 254 95 1
 95 254 218 1
 96 120 119 1
 96 182 120 1
 96 219 182 1
 97 224 201 1
 201 271 97 1
 97 271 216 1
 99 129 98 1
 129 179 98 1
 179 224 98 1
 99 196 129 1
 99 255 196 1
 235 255 99 1
 215 260 100 1
 233 234 101 1
 106 251 234 1
 196 255 107 1
 107 265 196 1
 108 112 111 1
 112 238 113 1
 238 267 113 1
 114 246 115 1
 244 246 114 1
 118 269 117 1
 122 124 118 1
 124 242 118 1
 118 242 197 1
 197 269 118 1
 120 123 119 1
 123 225 119 1
 119 225 190 1
 120 132 123 1
 120 213 132 1
 182 213 120 1
 121 200 172 1
 197 227 121 1
 121 227 200 1
 122 125 124 1
 122 174 125 1
 122 206 174 1
 132 133 123 1
 133 134 123 1
 134 225 123 1
 125 126 124 1
 126 163 124 1
 163 242 124 1
 125 127 126 1
 125 207 127 1
 174 207 125 1
 127 128 126 1
 128 208 126 1
 126 208 163 1
 127 130 128 1
 127 144 130 1
 127 207 144 1
 130 131 128 1
 131 135 128 1
 135 208 128 1
 129 198 179 1
 196 199 129 1
 129 199 198 1
 130 209 131 1
 144 193 130 1
 193 209 130 1
 131 136 135 1
 131 162 136 1
 131 209 162 1
 132 139 133 1
 132 160 139 1
 132 213 160 1
 133 142 134 1
 139 226 133 1
 133 226 142 1
 142 143 134 1
 143 264 134 1
 134 264 225 1
 136 137 135 1
 137 232 135 1
 135 232 208 1
 136 138 137 1
 136 211 138 1
 162 211 136 1
 138 140 137 1
 140 152 137 1
 152 232 137 1
 138 141 140 1
 138 145 141 1
 138 211 145 1
 160 161 139 1
 161 173 139 1
 173 226 139 1
 141 212 140 1
 140 153 152 1
 140 212 153 1
 145 146 141 1
 146 150 141 1
 150 212 141 1
 142 147 143 1
 142 178 147 1
 142 226 178 1
 147 148 143 1
 148 149 143 1
 149 264 143 1
 144 272 193 1
 207 241 144 1
 241 272 144 1
 145 154 146 1
 145 176 154 1
 145 211 176 1
 146 151 150 1
 146 214 151 1
 154 214 146 1
 147 239 148 1
 178 194 147 1
 194 239 147 1
 148 155 149 1
 148 168 155 1
 148 239 168 1
 155 156 149 1
 156 250 149 1
 250 264 149 1
 151 167 150 1
 167 249 150 1
 150 249 212 1
 151 171 167 1
 151 188 171 1
 151 214 188 1
 153 159 152 1
 159 181 152 1
 181 232 152 1
 153 164 159 1
 153 177 164 1
 153 212 177 1
 176 231 154 1
 154 230 214 1
 154 231 230 1
 155 157 156 1
 155 223 157 1
 168 223 155 1
 157 158 156 1
 158 170 156 1
 170 250 156 1
 157 169 158 1
 157 186 169 1
 157 223 186 1
 169 217 158 1
 158 175 170 1
 158 217 175 1
 164 195 159 1
 159 279 181 1
 195 279 159 1
 160 165 161 1
 160 180 165 1
 160 213 180 1
 165 166 161 1
 166 220 161 1
 161 220 173 1
 209 210 162 1
 210 248 162 1
 162 248 211 1
 208 257 163 1
 227 242 163 1
 163 257 227 1
 177 192 164 1
 192 221 164 1
 164 221 195 1
 165 261 166 1
 180 201 165 1
 201 261 165 1
 188 220 166 1
 166 237 188 1
 198 237 166 1
 166 261 198 1
 171 184 167 1
 184 185 167 1
 185 249 167 1
 168 239 210 1
 210 273 168 1
 168 273 223 1
 186 187 169 1
 187 202 169 1
 202 217 169 1
 175 183 170 1
 183 189 170 1
 189 250 170 1
 171 199 184 1
 188 237 171 1
 171 237 199 1
 195 259 172 1
 172 279 195 1
 200 279 172 1
 172 259 229 1
 220 230 173 1
 173 256 226 1
 230 256 173 1
 206 240 174 1
 174 236 207 1
 174 240 236 1
 175 205 183 1
 175 217 204 1
 204 268 175 1
 175 268 205 1
 194 231 176 1
 176 248 194 1
 211 248 176 1
 177 278 192 1
 212 249 177 1
 249 278 177 1
 178 231 194 1
 226 256 178 1
 178 256 231 1
 198 261 179 1
 201 224 179 1
 179 261 201 1
 180 271 201 1
 213 262 180 1
 262 271 180 1
 200 257 181 1
 181 279 200 1
 181 257 232 1
 182 262 213 1
 219 276 182 1
 182 276 262 1
 183 254 189 1
 205 253 183 1
 253 254 183 1
 184 265 185 1
 184 199 196 1
 196 265 184 1
 185 278 249 1
 186 241 187 1
 223 272 186 1
 186 272 241 1
 187 203 202 1
 187 236 203 1
 187 241 236 1
 214 220 188 1
 190 191 189 1
 191 250 189 1
 190 225 191 1
 225 264 191 1
 191 264 250 1
 192 222 221 1
 193 273 209 1
 193 272 223 1
 223 273 193 1
 210 239 194 1
 194 248 210 1
 221 259 195 1
 197 242 227 1
 199 237 198 1
 227 257 200 1
 204 217 202 1
 236 240 203 1
 240 277 203 1
 236 241 207 1
 232 257 208 1
 209 273 210 1
 214 230 220 1
 216 271 262 1
 262 276 216 1
 218 253 247 1
 218 254 253 1
 222 274 221 1
 231 256 230 1
 245 246 244 1
 23 3 341 2
 3 23 366 2
 341 3 358 2
 3 357 358 2
 357 3 366 2
 17 4 283 2
 4 17 339 2
 283 4 364 2
 4 339 351 2
 4 351 364 2
 17 18 288 2
 18 17 337 2
 17 283 337 2
 17 288 339 2
 19 18 280 2
 18 19 338 2
 280 18 337 2
 288 18 338 2
 19 20 286 2
 20 19 350 2
 19 280 350 2
 19 286 338 2
 21 20 282 2
 20 21 368 2
 282 20 350 2
 286 20 368 2
 22 21 284 2
 21 22 298 2
 21 282 284 2
 21 298 368 2
 23 22 281 2
 22 23 287 2
 281 22 284 2
 22 287 298 2
 23 281 366 2
 287 23 341 2
 280 337 365 2
 350 280 370 2
 280 365 370 2
 281 284 347 2
 281 347 348 2
 281 348 366 2
 284 282 285 2
 285 282 289 2
 289 282 350 2
 297 283 364 2
 283 297 372 2
 337 283 372 2
 284 285 347 2
 285 289 290 2
 285 290 291 2
 285 291 347 2
 286 300 302 2
 300 286 368 2
 286 302 338 2
 298 287 299 2
 299 287 342 2
 287 341 342 2
 334 288 338 2
 288 334 340 2
 339 288 340 2
 290 289 292 2
 292 289 370 2
 289 350 370 2
 291 290 363 2
 290 292 293 2
 290 293 363 2
 291 333 360 2
 333 291 363 2
 347 291 360 2
 293 292 294 2
 294 292 365 2
 365 292 370 2
 293 294 295 2
 293 295 296 2
 293 296 363 2
 295 294 297 2
 297 294 372 2
 294 365 372 2
 296 295 304 2
 295 297 335 2
 304 295 335 2
 296 304 305 2
 296 305 333 2
 296 333 363 2
 335 297 373 2
 297 364 373 2
 298 299 300 2
 298 300 368 2
 300 299 301 2
 301 299 307 2
 307 299 342 2
 300 301 302 2
 302 301 303 2
 303 301 349 2
 301 307 349 2
 302 303 334 2
 302 334 338 2
 334 303 336 2
 336 303 346 2
 346 303 349 2
 305 304 306 2
 306 304 362 2
 304 335 362 2
 305 306 308 2
 305 308 359 2
 333 305 359 2
 308 306 309 2
 309 306 312 2
 312 306 362 2
 307 342 343 2
 307 343 349 2
 308 309 310 2
 308 310 320 2
 308 320 359 2
 310 309 311 2
 311 309 371 2
 309 312 371 2
 310 311 313 2
 310 313 356 2
 320 310 356 2
 313 311 314 2
 314 311 354 2
 354 311 371 2
 332 312 355 2
 312 332 371 2
 355 312 362 2
 313 314 315 2
 313 315 321 2
 313 321 356 2
 315 314 316 2
 316 314 317 2
 317 314 354 2
 315 316 344 2
 321 315 327 2
 327 315 344 2
 316 317 318 2
 316 318 345 2
 344 316 345 2
 318 317 319 2
 319 317 353 2
 353 317 354 2
 318 319 322 2
 318 322 329 2
 318 329 345 2
 322 319 323 2
 323 319 324 2
 324 319 353 2
 320 356 361 2
 359 320 369 2
 320 361 369 2
 321 327 358 2
 356 321 357 2
 357 321 358 2
 322 323 328 2
 322 328 346 2
 329 322 346 2
 323 324 325 2
 323 325 352 2
 328 323 352 2
 325 324 326 2
 326 324 332 2
 332 324 353 2
 325 326 330 2
 325 330 351 2
 325 351 352 2
 330 326 331 2
 331 326 355 2
 326 332 355 2
 327 344 367 2
 358 327 367 2
 336 328 340 2
 328 336 346 2
 340 328 352 2
 345 329 349 2
 329 346 349 2
 330 331 373 2
 351 330 364 2
 364 330 373 2
 335 331 362 2
 331 335 373 2
 331 355 362 2
 332 353 354 2
 332 354 371 2
 333 359 360 2
 334 336 340 2
 365 337 372 2
 339 340 352 2
 351 339 352 2
 342 341 367 2
 341 358 367 2
 343 342 367 2
 343 344 345 2
 344 343 367 2
 343 345 349 2
 348 347 360 2
 348 360 361 2
 348 361 366 2
 356 357 361 2
 361 357 366 2
 360 359 369 2
 361 360 369 2
 Tetrahedra
 1199
 70 69 336 60 1
 315 313 212 140 1
 162 131 136 317 1
 120 304 213 296 1
 120 296 213 377 1
 313 212 140 141 1
 304 132 213 305 1
 32 368 251 286 1
 284 285 238 267 1
 282 113 289 378 1
 251 368 300 286 1
 285 291 290 56 1
 50 235 46 281 1
 213 296 305 376 1
 296 304 213 305 1
 125 127 319 318 1
 315 313 321 212 1
 318 127 319 128 1
 317 136 162 314 1
 212 313 321 150 1
 314 313 145 311 1
 154 145 146 390 1
 316 318 128 208 1
 317 316 318 128 1
 304 296 120 377 1
 213 305 180 376 1
 46 45 33 281 1
 237 198 369 199 1
 369 359 261 166 1
 127 319 130 388 1
 313 212 141 150 1
 263 285 290 56 1
 145 211 314 311 1
 313 315 138 140 1
 282 112 113 378 1
 336 346 73 74 1
 75 70 336 115 1
 246 114 288 244 1
 367 279 344 387 1
 16 3 23 107 1
 263 290 285 289 1
 22 33 45 281 1
 334 336 69 60 1
 113 238 285 267 1
 281 33 46 284 1
 310 320 214 390 1
 120 119 304 295 1
 239 312 371 147 1
 19 38 26 286 1
 311 313 145 390 1
 206 174 240 328 1
 340 78 80 339 1
 313 138 314 145 1
 317 316 128 135 1
 208 128 316 135 1
 359 320 308 166 1
 300 251 286 116 1
 237 320 369 166 1
 319 317 318 128 1
 369 361 320 237 1
 127 125 126 318 1
 319 317 130 388 1
 238 284 267 47 1
 263 285 113 289 1
 182 120 213 377 1
 372 294 92 66 1
 68 72 299 342 1
 161 305 139 374 1
 138 211 314 145 1
 218 372 297 64 1
 299 72 307 342 1
 120 119 295 96 1
 69 336 73 70 1
 108 282 20 380 1
 314 162 317 354 1
 321 249 150 167 1
 137 138 315 140 1
 285 282 113 289 1
 161 308 305 374 1
 23 15 45 22 1
 284 285 267 48 1
 16 23 29 107 1
 286 251 32 116 1
 322 125 207 319 1
 209 317 353 388 1
 238 282 284 109 1
 241 323 207 388 1
 359 369 320 166 1
 20 28 282 108 1
 129 198 369 360 1
 64 372 92 66 1
 240 203 277 352 1
 371 332 312 239 1
 178 312 371 309 1
 120 304 132 213 1
 22 33 281 284 1
 317 131 136 135 1
 359 369 261 360 1
 147 239 312 148 1
 298 233 299 287 1
 284 13 33 109 1
 20 28 21 282 1
 20 21 28 11 1
 50 99 235 348 1
 354 248 371 311 1
 369 361 237 199 1
 140 138 313 141 1
 284 285 282 238 1
 22 13 33 284 1
 86 367 259 342 1
 138 314 315 313 1
 125 127 207 319 1
 22 45 23 281 1
 132 213 305 160 1
 85 343 121 307 1
 20 286 32 380 1
 311 310 313 390 1
 198 369 261 166 1
 174 125 207 322 1
 285 282 238 113 1
 90 80 78 339 1
 255 366 235 99 1
 321 177 327 387 1
 308 161 359 166 1
 336 74 70 75 1
 356 321 150 167 1
 323 240 174 328 1
 252 83 307 301 1
 112 89 113 378 1
 194 371 248 311 1
 139 305 132 389 1
 137 138 314 315 1
 354 211 248 311 1
 71 67 68 299 1
 92 297 372 64 1
 74 336 328 75 1
 233 67 299 287 1
 337 228 17 381 1
 319 322 125 318 1
 21 13 284 109 1
 318 126 127 128 1
 297 92 218 64 1
 314 317 136 135 1
 28 282 238 109 1
 11 108 20 380 1
 13 22 21 284 1
 101 258 300 299 1
 283 372 218 64 1
 67 68 299 287 1
 368 21 11 106 1
 59 334 69 60 1
 342 299 68 287 1
 236 240 174 323 1
 164 327 367 358 1
 11 32 20 368 1
 207 174 322 323 1
 327 164 367 387 1
 129 369 361 360 1
 335 191 225 362 1
 28 20 11 108 1
 48 267 284 47 1
 334 114 246 115 1
 344 181 316 387 1
 68 72 71 299 1
 308 320 310 390 1
 32 286 38 380 1
 294 92 66 93 1
 150 146 313 356 1
 93 294 377 386 1
 321 212 177 387 1
 307 82 72 299 1
 56 285 291 52 1
 160 213 305 180 1
 288 334 114 246 1
 359 161 308 305 1
 321 315 212 387 1
 139 306 305 389 1
 119 295 94 335 1
 220 320 308 390 1
 335 373 191 331 1
 147 312 371 178 1
 305 139 132 160 1
 332 312 239 148 1
 32 20 368 286 1
 211 248 162 354 1
 314 211 162 354 1
 332 273 353 388 1
 209 273 353 354 1
 139 305 306 374 1
 3 23 107 366 1
 368 11 32 106 1
 240 277 76 328 1
 207 323 319 388 1
 282 28 21 109 1
 114 40 338 244 1
 156 155 355 326 1
 119 295 96 94 1
 310 356 214 320 1
 248 371 210 354 1
 209 130 317 388 1
 355 155 156 149 1
 198 261 369 360 1
 15 14 45 22 1
 38 39 26 286 1
 119 304 295 335 1
 74 73 336 70 1
 211 162 136 314 1
 26 9 38 19 1
 259 221 367 86 1
 83 82 72 307 1
 73 303 336 69 1
 23 45 29 281 1
 328 206 322 346 1
 367 195 279 387 1
 174 207 236 323 1
 365 382 280 384 1
 92 294 297 93 1
 15 45 29 23 1
 251 368 32 106 1
 295 304 120 377 1
 312 142 306 374 1
 78 340 352 339 1
 177 321 278 249 1
 313 141 146 150 1
 258 101 82 299 1
 212 315 140 387 1
 20 21 11 368 1
 21 12 11 106 1
 295 94 297 93 1
 142 312 178 374 1
 233 67 71 299 1
 75 336 340 115 1
 38 19 9 380 1
 132 305 304 389 1
 237 361 320 171 1
 209 353 317 354 1
 207 322 319 323 1
 344 367 343 279 1
 21 284 282 109 1
 337 379 41 381 1
 277 240 352 328 1
 73 346 84 74 1
 320 220 308 166 1
 359 161 305 165 1
 354 314 211 311 1
 194 371 311 390 1
 349 85 121 307 1
 161 139 305 160 1
 174 206 322 328 1
 214 320 220 390 1
 307 72 229 342 1
 329 322 122 346 1
 107 23 29 366 1
 330 170 183 373 1
 102 13 22 298 1
 207 241 236 323 1
 298 102 233 287 1
 316 257 232 181 1
 347 50 46 281 1
 56 263 285 52 1
 316 137 315 387 1
 112 238 282 113 1
 284 238 109 47 1
 48 284 46 47 1
 150 313 321 356 1
 83 85 87 307 1
 97 333 291 376 1
 295 120 96 377 1
 294 295 297 93 1
 237 369 198 166 1
 30 379 337 382 1
 312 309 178 374 1
 297 372 294 92 1
 337 41 228 381 1
 312 142 143 389 1
 158 156 170 326 1
 21 22 13 298 1
 346 336 328 74 1
 362 335 191 331 1
 316 314 137 135 1
 124 126 125 318 1
 371 332 239 210 1
 120 304 119 389 1
 66 382 294 386 1
 93 294 295 377 1
 320 356 188 171 1
 194 309 371 390 1
 251 300 81 116 1
 329 122 118 346 1
 12 28 21 11 1
 322 124 125 318 1
 299 101 233 298 1
 356 146 313 310 1
 37 15 23 22 1
 153 177 212 387 1
 30 41 337 379 1
 143 312 355 148 1
 102 27 13 298 1
 316 181 232 387 1
 114 338 288 244 1
 19 38 286 380 1
 12 21 27 106 1
 373 191 190 335 1
 273 332 353 354 1
 156 331 355 250 1
 112 282 108 378 1
 305 333 180 376 1
 263 290 289 65 1
 92 297 94 93 1
 137 316 232 387 1
 334 336 303 69 1
 250 355 156 149 1
 27 21 13 298 1
 134 143 142 389 1
 131 209 130 317 1
 67 233 102 287 1
 17 337 283 228 1
 156 331 170 326 1
 237 320 188 171 1
 97 291 53 375 1
 261 359 333 165 1
 105 288 244 381 1
 203 240 323 352 1
 323 241 187 324 1
 299 300 101 298 1
 241 187 236 323 1
 169 186 157 324 1
 136 137 314 135 1
 282 108 378 380 1
 283 372 297 218 1
 317 314 316 135 1
 298 368 234 106 1
 194 178 371 309 1
 137 232 152 387 1
 305 333 359 165 1
 191 362 331 264 1
 349 121 343 307 1
 321 358 278 357 1
 234 368 300 251 1
 142 312 306 389 1
 301 300 258 299 1
 304 335 119 389 1
 358 164 327 177 1
 69 303 334 59 1
 214 146 356 310 1
 142 306 374 389 1
 213 296 376 377 1
 333 305 180 165 1
 90 78 352 339 1
 155 332 326 223 1
 259 367 343 342 1
 225 119 335 389 1
 158 170 330 326 1
 248 210 371 194 1
 164 327 177 387 1
 220 161 308 166 1
 362 191 225 264 1
 176 194 248 311 1
 295 96 94 93 1
 307 229 343 342 1
 326 169 157 324 1
 155 355 148 149 1
 3 278 358 357 1
 273 209 353 388 1
 186 187 241 324 1
 167 171 356 357 1
 156 355 331 326 1
 187 202 203 325 1
 160 305 161 165 1
 174 322 323 328 1
 188 214 356 320 1
 82 71 72 299 1
 141 138 313 145 1
 356 320 361 171 1
 57 97 53 375 1
 41 30 337 382 1
 345 316 344 181 1
 328 76 74 75 1
 90 352 266 339 1
 264 355 331 250 1
 329 124 318 383 1
 326 157 155 223 1
 315 314 137 316 1
 19 26 9 379 1
 45 46 235 281 1
 341 274 55 342 1
 366 235 99 348 1
 321 249 212 150 1
 12 21 28 109 1
 14 33 45 22 1
 278 358 321 177 1
 229 259 343 342 1
 365 215 384 386 1
 218 247 283 64 1
 68 229 72 342 1
 355 331 362 264 1
 203 202 352 325 1
 291 53 56 52 1
 128 318 126 208 1
 87 85 121 349 1
 342 55 341 287 1
 148 332 355 155 1
 86 55 274 342 1
 294 66 372 382 1
 336 346 303 73 1
 17 228 283 385 1
 305 160 180 165 1
 321 358 327 177 1
 167 356 321 357 1
 120 132 304 389 1
 336 340 328 75 1
 318 322 124 329 1
 207 319 127 388 1
 332 223 273 388 1
 146 141 313 145 1
 195 367 343 259 1
 251 234 368 106 1
 362 312 143 389 1
 286 26 19 338 1
 342 68 55 287 1
 331 330 170 326 1
 52 285 347 48 1
 78 352 340 75 1
 20 32 11 380 1
 99 50 98 348 1
 301 258 82 299 1
 283 228 337 382 1
 137 140 315 387 1
 264 355 250 149 1
 41 337 228 382 1
 373 330 170 331 1
 195 367 164 387 1
 229 343 85 307 1
 340 78 75 80 1
 240 323 352 328 1
 15 37 14 22 1
 249 321 278 185 1
 372 66 64 382 1
 124 163 318 383 1
 303 69 243 59 1
 60 59 334 54 1
 366 235 348 281 1
 176 311 145 390 1
 285 52 267 48 1
 169 158 325 326 1
 224 97 333 291 1
 195 343 367 279 1
 129 361 196 348 1
 73 117 346 77 1
 23 37 22 287 1
 142 312 147 178 1
 200 344 279 181 1
 316 257 208 232 1
 23 29 15 16 1
 122 174 206 322 1
 22 102 298 287 1
 163 318 345 208 1
 178 371 147 194 1
 233 71 101 299 1
 300 258 81 61 1
 215 382 365 384 1
 312 332 355 148 1
 234 27 298 106 1
 326 325 169 324 1
 194 311 176 390 1
 122 84 118 346 1
 258 300 301 61 1
 105 379 18 381 1
 112 282 28 108 1
 284 33 46 47 1
 365 382 215 386 1
 58 39 302 54 1
 302 39 338 54 1
 128 131 317 135 1
 371 332 210 354 1
 93 66 294 386 1
 158 169 157 326 1
 264 331 191 250 1
 18 379 337 381 1
 46 347 284 48 1
 176 248 211 311 1
 367 221 358 341 1
 323 187 203 325 1
 246 340 334 115 1
 238 282 28 112 1
 116 286 300 302 1
 148 355 143 149 1
 139 374 306 389 1
 203 202 91 352 1
 349 87 85 307 1
 196 199 361 129 1
 145 176 211 311 1
 200 344 343 279 1
 178 309 194 390 1
 169 158 217 325 1
 307 83 82 301 1
 239 371 210 194 1
 122 124 322 329 1
 295 96 93 377 1
 280 370 365 384 1
 109 33 284 47 1
 297 94 295 335 1
 292 290 375 384 1
 85 72 229 307 1
 155 332 355 326 1
 43 280 382 384 1
 323 241 324 388 1
 307 349 252 301 1
 371 239 147 194 1
 130 131 317 128 1
 232 316 137 135 1
 355 362 312 143 1
 286 32 38 116 1
 318 124 126 163 1
 31 283 228 385 1
 163 126 318 208 1
 261 333 359 360 1
 345 318 316 208 1
 143 147 312 148 1
 235 29 45 281 1
 136 138 211 314 1
 362 355 264 143 1
 146 150 151 356 1
 298 300 101 234 1
 259 229 86 342 1
 117 349 346 77 1
 86 68 55 342 1
 203 240 236 323 1
 289 65 290 384 1
 367 195 164 221 1
 65 375 290 384 1
 41 379 30 381 1
 282 378 350 380 1
 90 339 266 385 1
 46 347 281 284 1
 290 263 56 65 1
 316 345 257 181 1
 214 188 220 320 1
 373 189 191 331 1
 255 196 366 99 1
 17 381 228 385 1
 338 39 40 54 1
 345 257 163 208 1
 29 107 366 255 1
 285 284 347 48 1
 116 39 286 58 1
 170 331 156 250 1
 39 26 286 338 1
 338 18 105 379 1
 334 288 340 246 1
 146 310 214 390 1
 184 171 167 357 1
 157 326 324 223 1
 124 122 118 329 1
 241 186 324 388 1
 336 334 340 115 1
 85 83 72 307 1
 151 188 356 171 1
 357 278 321 185 1
 324 326 332 223 1
 334 338 288 114 1
 240 76 206 328 1
 13 21 12 109 1
 26 338 105 379 1
 102 22 37 287 1
 298 101 233 234 1
 332 273 210 354 1
 301 82 307 299 1
 146 151 214 356 1
 259 343 172 229 1
 269 349 117 77 1
 257 345 316 208 1
 201 333 97 376 1
 340 80 245 339 1
 213 376 262 377 1
 136 137 138 314 1
 273 209 210 354 1
 249 177 321 212 1
 13 21 27 12 1
 71 82 101 299 1
 116 300 81 302 1
 68 67 55 287 1
 366 23 29 281 1
 232 208 316 135 1
 361 356 171 357 1
 105 338 40 244 1
 191 190 189 373 1
 46 50 347 48 1
 98 129 99 348 1
 217 158 330 325 1
 280 337 379 382 1
 52 347 51 48 1
 187 169 202 325 1
 161 220 308 374 1
 150 151 356 167 1
 338 286 39 302 1
 365 294 382 386 1
 352 323 203 325 1
 280 379 43 382 1
 61 302 243 59 1
 291 98 51 347 1
 189 183 170 373 1
 355 264 143 149 1
 168 239 332 210 1
 57 97 375 376 1
 196 99 129 348 1
 297 95 94 335 1
 361 237 199 171 1
 31 4 283 385 1
 38 39 286 116 1
 341 358 3 222 1
 225 335 362 389 1
 334 60 114 115 1
 297 373 95 335 1
 325 158 330 326 1
 121 343 200 383 1
 334 60 54 114 1
 188 214 151 356 1
 200 345 344 181 1
 117 346 84 73 1
 224 98 51 291 1
 352 328 340 75 1
 300 298 368 234 1
 191 225 190 335 1
 359 161 165 166 1
 87 349 121 383 1
 328 76 206 74 1
 80 246 340 245 1
 171 356 151 167 1
 97 333 201 224 1
 32 10 11 380 1
 343 172 195 259 1
 221 367 195 259 1
 59 302 334 54 1
 302 286 39 58 1
 7 30 379 381 1
 247 283 253 218 1
 73 346 303 77 1
 123 120 119 389 1
 277 203 91 352 1
 324 223 332 388 1
 203 236 187 323 1
 181 344 279 387 1
 329 346 118 383 1
 213 262 182 377 1
 3 278 357 185 1
 283 247 228 382 1
 301 252 104 303 1
 98 291 360 347 1
 291 224 98 360 1
 52 113 285 267 1
 273 223 332 168 1
 243 302 303 59 1
 332 273 168 210 1
 182 96 120 377 1
 288 338 105 244 1
 297 95 254 218 1
 229 343 172 85 1
 333 363 291 376 1
 115 246 340 80 1
 19 338 26 379 1
 300 81 234 251 1
 325 323 187 324 1
 50 98 348 347 1
 341 221 358 222 1
 220 308 374 390 1
 351 266 352 339 1
 352 266 91 90 1
 32 38 10 380 1
 261 333 201 165 1
 83 252 104 301 1
 121 349 343 383 1
 324 186 157 223 1
 290 65 56 375 1
 26 105 8 379 1
 343 121 172 85 1
 27 102 233 298 1
 301 302 243 61 1
 30 42 379 382 1
 195 172 343 279 1
 265 3 107 366 1
 18 338 105 381 1
 86 229 68 342 1
 190 95 373 335 1
 144 207 127 388 1
 263 113 285 52 1
 373 170 189 331 1
 190 119 94 335 1
 210 162 248 354 1
 147 312 142 143 1
 297 254 364 218 1
 301 349 252 303 1
 165 261 359 166 1
 275 379 378 380 1
 122 124 125 322 1
 148 239 332 168 1
 362 264 225 389 1
 223 155 332 168 1
 288 105 338 381 1
 84 118 346 117 1
 219 93 377 386 1
 22 37 14 102 1
 142 374 226 389 1
 280 378 43 379 1
 360 361 129 348 1
 51 53 291 52 1
 155 156 157 326 1
 95 190 94 335 1
 188 320 237 166 1
 225 264 134 389 1
 6 228 381 385 1
 291 333 224 360 1
 303 252 104 77 1
 14 13 33 22 1
 14 13 22 102 1
 361 366 196 348 1
 184 199 361 196 1
 44 228 247 382 1
 7 41 30 381 1
 155 148 332 168 1
 201 261 179 360 1
 329 118 124 383 1
 129 98 360 348 1
 90 245 80 339 1
 162 210 209 354 1
 261 201 333 360 1
 19 379 9 380 1
 348 98 360 347 1
 101 258 81 300 1
 171 184 361 357 1
 266 339 351 385 1
 261 198 179 360 1
 254 253 364 218 1
 115 340 75 80 1
 174 122 125 322 1
 302 81 116 58 1
 223 324 186 388 1
 3 265 357 366 1
 366 107 196 255 1
 95 254 373 297 1
 212 140 153 387 1
 302 116 286 58 1
 99 196 366 348 1
 320 188 220 166 1
 303 349 252 77 1
 152 140 137 387 1
 59 58 302 54 1
 338 334 302 54 1
 176 145 154 390 1
 349 269 252 77 1
 288 340 246 245 1
 292 384 375 386 1
 24 23 341 287 1
 180 333 201 376 1
 62 375 65 384 1
 378 379 350 380 1
 190 225 119 335 1
 69 73 303 77 1
 343 121 200 172 1
 303 346 349 77 1
 161 173 220 374 1
 43 378 275 379 1
 288 340 245 339 1
 302 300 81 61 1
 158 157 156 326 1
 104 301 243 61 1
 302 301 300 61 1
 224 333 201 360 1
 217 330 175 204 1
 350 378 280 379 1
 201 179 224 360 1
 345 200 257 181 1
 289 378 65 384 1
 175 170 183 330 1
 98 179 129 360 1
 303 301 302 243 1
 31 4 205 364 1
 345 318 163 383 1
 42 43 379 382 1
 172 200 343 279 1
 146 214 154 390 1
 228 283 31 247 1
 303 302 334 59 1
 298 233 27 234 1
 198 129 179 360 1
 215 103 382 384 1
 333 180 201 165 1
 278 1 3 358 1
 98 50 51 347 1
 55 24 341 287 1
 142 226 133 389 1
 178 374 309 390 1
 245 246 288 244 1
 338 40 26 105 1
 353 324 332 388 1
 274 221 341 222 1
 345 344 343 200 1
 373 254 364 297 1
 225 123 119 389 1
 339 245 288 385 1
 62 79 375 384 1
 202 217 204 325 1
 289 290 292 384 1
 202 169 217 325 1
 283 253 31 247 1
 23 24 37 287 1
 77 104 303 243 1
 283 297 364 218 1
 67 102 37 287 1
 184 361 199 171 1
 26 39 40 338 1
 364 253 283 218 1
 78 352 91 90 1
 268 204 4 385 1
 53 97 224 291 1
 375 384 79 386 1
 300 81 101 234 1
 357 265 361 366 1
 311 371 309 390 1
 295 296 304 377 1
 183 189 254 373 1
 366 265 361 196 1
 352 202 351 325 1
 330 183 364 373 1
 352 91 277 78 1
 351 91 202 352 1
 331 189 191 250 1
 43 382 103 384 1
 95 297 92 218 1
 6 228 41 381 1
 231 178 194 390 1
 95 254 189 373 1
 224 179 98 360 1
 347 50 51 48 1
 16 1 3 107 1
 164 177 153 387 1
 104 301 303 243 1
 7 379 105 381 1
 190 95 189 373 1
 330 175 158 217 1
 108 111 112 378 1
 245 35 244 381 1
 364 31 4 283 1
 94 95 297 92 1
 30 42 43 379 1
 351 4 204 385 1
 200 257 227 383 1
 358 1 3 222 1
 245 381 288 385 1
 83 104 82 301 1
 96 219 93 377 1
 301 104 258 61 1
 330 175 170 158 1
 331 170 189 250 1
 345 200 343 383 1
 110 379 275 380 1
 55 67 37 287 1
 252 87 269 349 1
 6 5 228 385 1
 303 69 77 243 1
 361 184 265 357 1
 31 228 5 385 1
 58 302 81 61 1
 37 15 24 23 1
 245 244 288 381 1
 294 372 365 382 1
 55 37 24 287 1
 345 257 200 383 1
 207 144 241 388 1
 257 345 163 383 1
 53 56 57 375 1
 265 184 361 196 1
 24 341 274 55 1
 266 91 351 352 1
 231 194 176 390 1
 205 253 31 364 1
 49 64 66 382 1
 223 186 272 388 1
 344 327 367 387 1
 61 58 302 59 1
 315 321 327 387 1
 214 220 230 390 1
 51 53 224 291 1
 62 56 65 375 1
 219 100 93 386 1
 8 105 7 379 1
 62 375 79 386 1
 104 258 82 301 1
 118 242 124 383 1
 265 3 1 107 1
 262 213 180 376 1
 330 268 175 204 1
 364 253 31 283 1
 364 183 254 373 1
 357 167 184 185 1
 308 306 305 374 1
 192 164 358 177 1
 220 374 230 390 1
 195 159 279 387 1
 215 103 49 382 1
 111 378 108 380 1
 201 97 271 376 1
 269 349 87 383 1
 173 161 139 374 1
 193 209 273 388 1
 305 296 333 376 1
 105 244 35 381 1
 34 110 275 380 1
 41 228 44 382 1
 270 381 245 385 1
 291 363 290 375 1
 15 24 23 16 1
 62 65 79 384 1
 41 42 30 382 1
 241 272 186 388 1
 312 306 309 374 1
 364 175 183 330 1
 62 260 375 386 1
 269 87 197 383 1
 293 377 294 386 1
 232 181 152 387 1
 124 242 163 383 1
 221 192 358 222 1
 87 121 197 383 1
 93 100 66 386 1
 358 278 192 177 1
 205 175 183 364 1
 180 201 271 376 1
 192 1 278 358 1
 202 204 351 325 1
 254 253 183 364 1
 366 107 265 196 1
 351 204 91 266 1
 62 79 260 386 1
 349 346 329 383 1
 90 266 25 385 1
 278 3 1 185 1
 226 142 178 374 1
 350 370 280 378 1
 184 265 357 185 1
 91 204 351 202 1
 205 183 253 364 1
 294 293 295 377 1
 42 103 43 382 1
 26 8 9 379 1
 275 110 43 379 1
 205 4 268 364 1
 195 164 159 387 1
 144 127 130 388 1
 223 193 273 388 1
 178 256 374 390 1
 220 173 230 374 1
 133 139 132 389 1
 123 132 120 389 1
 323 324 319 388 1
 25 268 2 385 1
 304 305 306 389 1
 216 375 276 377 1
 19 286 20 380 1
 18 280 337 379 1
 34 275 378 380 1
 25 204 268 385 1
 192 1 358 222 1
 130 209 193 388 1
 57 216 97 376 1
 17 283 4 385 1
 274 341 24 222 1
 362 306 312 389 1
 200 227 121 383 1
 216 276 376 377 1
 345 329 318 383 1
 365 384 292 386 1
 216 376 375 377 1
 18 288 338 381 1
 364 268 175 330 1
 282 350 20 380 1
 181 279 159 387 1
 247 64 44 382 1
 205 268 175 364 1
 10 108 11 380 1
 18 338 19 379 1
 353 317 319 388 1
 57 375 216 376 1
 219 377 63 386 1
 257 163 227 383 1
 10 38 9 380 1
 350 379 19 380 1
 288 381 17 385 1
 34 378 111 380 1
 9 379 110 380 1
 178 231 256 390 1
 339 288 17 385 1
 276 375 63 377 1
 269 197 118 383 1
 63 377 375 386 1
 19 350 280 379 1
 142 133 134 389 1
 350 282 289 378 1
 43 88 378 384 1
 216 63 276 375 1
 245 270 35 381 1
 375 376 363 377 1
 182 262 276 377 1
 34 275 111 378 1
 9 110 34 380 1
 262 376 276 377 1
 6 381 270 385 1
 65 378 88 384 1
 219 63 100 386 1
 173 256 230 374 1
 36 270 245 385 1
 111 89 112 378 1
 7 30 8 379 1
 375 377 293 386 1
 293 292 375 386 1
 256 230 374 390 1
 43 88 275 378 1
 34 111 108 380 1
 153 140 152 387 1
 315 344 316 387 1
 96 182 219 377 1
 123 225 134 389 1
 293 375 363 377 1
 5 6 270 385 1
 280 365 337 382 1
 289 292 370 384 1
 293 292 290 375 1
 89 88 65 378 1
 335 304 362 389 1
 365 292 294 386 1
 223 272 193 388 1
 289 370 378 384 1
 260 63 375 386 1
 6 41 7 381 1
 271 262 180 376 1
 79 384 215 386 1
 57 56 62 375 1
 110 30 43 379 1
 49 103 42 382 1
 242 227 163 383 1
 271 97 216 376 1
 215 66 100 386 1
 178 256 226 374 1
 139 226 173 374 1
 363 376 296 377 1
 308 309 374 390 1
 308 310 309 390 1
 231 176 154 390 1
 214 230 154 390 1
 144 272 241 388 1
 372 283 337 382 1
 2 31 5 385 1
 43 103 88 384 1
 153 159 164 387 1
 260 100 63 386 1
 18 337 17 381 1
 118 197 242 383 1
 9 8 110 379 1
 44 64 49 382 1
 121 227 197 383 1
 293 363 296 377 1
 133 132 123 389 1
 343 349 345 383 1
 44 42 41 382 1
 260 79 215 386 1
 7 105 35 381 1
 365 370 292 384 1
 216 276 262 376 1
 152 181 159 387 1
 4 351 339 385 1
 309 310 311 390 1
 130 193 144 388 1
 219 276 63 377 1
 62 260 63 375 1
 309 306 308 374 1
 9 34 10 380 1
 34 108 10 380 1
 123 134 133 389 1
 57 63 216 375 1
 19 280 18 379 1
 8 30 110 379 1
 6 7 35 381 1
 79 103 215 384 1
 65 88 79 384 1
 219 182 276 377 1
 4 339 17 385 1
 290 363 293 375 1
 20 350 19 380 1
 173 226 256 374 1
 256 231 230 390 1
 159 153 152 387 1
 271 216 262 376 1
 17 288 18 381 1
 365 372 337 382 1
 350 289 370 378 1
 296 363 333 376 1
 324 353 319 388 1
 295 293 296 377 1
 2 5 36 385 1
 345 349 329 383 1
 306 362 304 389 1
 154 230 231 390 1
 294 292 293 386 1
 62 63 57 375 1
 344 315 327 387 1
 89 111 88 378 1
 79 88 103 384 1
 90 25 36 385 1
 44 49 42 382 1
 193 272 144 388 1
 227 242 197 383 1
 275 88 111 378 1
 2 36 25 385 1
 6 35 270 381 1
 5 270 36 385 1
 260 215 100 386 1
 369 199 129 361 1
 129 199 369 198 1
 390 313 146 310 1
 390 146 313 145 1
 319 128 130 317 1
 130 128 319 127 1
 378 65 263 289 1
 263 65 378 89 1
 263 113 378 289 1
 378 113 263 89 1
 291 376 375 97 1
 375 376 291 363 1
 298 106 21 368 1
 21 106 298 27 1
 162 317 209 131 1
 209 317 162 354 1
 60 336 115 334 1
 60 115 336 70 1
 307 252 87 83 1
 307 87 252 349 1
 206 346 74 84 1
 74 346 206 328 1
 50 281 348 235 1
 348 281 50 347 1
 122 346 206 84 1
 206 346 122 322 1
 56 291 375 53 1
 56 375 291 290 1
 366 235 29 255 1
 366 29 235 281 1
 342 274 367 341 1
 342 367 274 86 1
 221 367 274 341 1
 221 274 367 86 1
 384 280 378 43 1
 384 378 280 370 1
 117 118 383 269 1
 383 118 117 346 1
 383 349 117 269 1
 117 349 383 346 1
 114 338 54 334 1
 114 54 338 40 1
 347 52 291 285 1
 291 52 347 51 1
 169 324 187 186 1
 187 324 169 325 1
 283 64 382 372 1
 382 64 283 247 1
 185 321 167 249 1
 185 167 321 357 1
 75 328 78 352 1
 75 78 328 76 1
 277 78 328 352 1
 277 328 78 76 1
 382 215 66 49 1
 382 66 215 386 1
 389 264 143 362 1
 389 143 264 134 1
 389 226 139 374 1
 389 139 226 133 1
 358 221 164 192 1
 358 164 221 367 1
 31 385 205 4 1
 31 205 385 2 1
 268 205 385 4 1
 268 385 205 2 1
 185 3 265 357 1
 185 265 3 1 1
 245 385 90 36 1
 90 385 245 339 1
 325 204 330 217 1
 325 330 204 351 1
 385 266 204 351 1
 385 204 266 25 1
 16 24 3 1 1
 222 24 3 341 1
 222 3 24 1 1
 351 364 204 4 1
 351 204 364 330 1
 268 204 364 4 1
 268 364 204 330 1
 24 3 23 16 1
 24 23 3 341 1
 End
